# Time             	SLA (m)   	SLA rms (m)	SLA fit (m)
1992-01-05T00:00:00	 -0.041622	  0.001974	 -0.020093
1992-01-15T00:00:00	 -0.037334	  0.001974	 -0.020031
1992-01-25T00:00:00	 -0.028838	  0.001974	 -0.019970
1992-02-04T00:00:00	 -0.019582	  0.001974	 -0.019908
1992-02-14T00:00:00	 -0.027261	  0.001974	 -0.019846
1992-02-24T00:00:00	 -0.029259	  0.001974	 -0.019785
1992-03-05T00:00:00	 -0.022730	  0.001974	 -0.019723
1992-03-15T00:00:00	 -0.024169	  0.001974	 -0.019661
1992-03-25T00:00:00	 -0.029367	  0.001974	 -0.019599
1992-04-04T00:00:00	NaN	NaN	 -0.019538
1992-04-14T00:00:00	NaN	NaN	 -0.019476
1992-04-24T00:00:00	NaN	NaN	 -0.019414
1992-05-04T00:00:00	NaN	NaN	 -0.019352
1992-05-14T00:00:00	NaN	NaN	 -0.019290
1992-05-24T00:00:00	NaN	NaN	 -0.019228
1992-06-03T00:00:00	NaN	NaN	 -0.019165
1992-06-13T00:00:00	NaN	NaN	 -0.019103
1992-06-23T00:00:00	NaN	NaN	 -0.019041
1992-07-03T00:00:00	NaN	NaN	 -0.018979
1992-07-13T00:00:00	 -0.021351	  0.001974	 -0.018916
1992-07-23T00:00:00	 -0.013017	  0.001974	 -0.018854
1992-08-02T00:00:00	 -0.013419	  0.001974	 -0.018791
1992-08-12T00:00:00	 -0.012721	  0.001974	 -0.018729
1992-08-22T00:00:00	 -0.014769	  0.001974	 -0.018666
1992-09-01T00:00:00	 -0.019281	  0.001974	 -0.018604
1992-09-11T00:00:00	 -0.024169	  0.001974	 -0.018541
1992-09-21T00:00:00	 -0.023378	  0.001974	 -0.018478
1992-10-01T00:00:00	 -0.021355	  0.001974	 -0.018415
1992-10-11T00:00:00	 -0.022212	  0.001974	 -0.018352
1992-10-21T00:00:00	 -0.016946	  0.001974	 -0.018290
1992-10-31T00:00:00	 -0.016008	  0.001974	 -0.018227
1992-11-10T00:00:00	 -0.018709	  0.001974	 -0.018164
1992-11-20T00:00:00	 -0.021416	  0.001974	 -0.018101
1992-11-30T00:00:00	 -0.018580	  0.001974	 -0.018038
1992-12-10T00:00:00	 -0.022867	  0.001274	 -0.017974
1992-12-20T00:00:00	 -0.020256	  0.001552	 -0.017911
1992-12-30T00:00:00	 -0.024478	  0.000530	 -0.017848
1993-01-09T00:00:00	 -0.028578	  0.003927	 -0.017785
1993-01-19T00:00:00	 -0.028156	  0.003797	 -0.017721
1993-01-29T00:00:00	 -0.022016	  0.001825	 -0.017658
1993-02-08T00:00:00	 -0.024082	  0.001166	 -0.017595
1993-02-18T00:00:00	 -0.024742	  0.002781	 -0.017531
1993-02-28T00:00:00	 -0.023516	  0.002132	 -0.017468
1993-03-10T00:00:00	 -0.024863	  0.003696	 -0.017404
1993-03-20T00:00:00	 -0.023098	  0.002283	 -0.017340
1993-03-30T00:00:00	 -0.023423	  0.002360	 -0.017277
1993-04-09T00:00:00	 -0.023742	  0.002982	 -0.017213
1993-04-19T00:00:00	 -0.022684	  0.003254	 -0.017149
1993-04-29T00:00:00	 -0.021157	  0.002426	 -0.017085
1993-05-09T00:00:00	 -0.022428	  0.001714	 -0.017021
1993-05-19T00:00:00	 -0.022272	  0.000498	 -0.016957
1993-05-29T00:00:00	 -0.022993	  0.001279	 -0.016893
1993-06-08T00:00:00	 -0.021317	  0.000421	 -0.016829
1993-06-18T00:00:00	 -0.017615	  0.001526	 -0.016765
1993-06-28T00:00:00	 -0.015729	  0.002620	 -0.016701
1993-07-08T00:00:00	 -0.016838	  0.002004	 -0.016637
1993-07-18T00:00:00	 -0.017872	  0.001284	 -0.016573
1993-07-28T00:00:00	 -0.019200	  0.001984	 -0.016508
1993-08-07T00:00:00	 -0.020615	  0.001050	 -0.016444
1993-08-17T00:00:00	 -0.019222	  0.001457	 -0.016379
1993-08-27T00:00:00	 -0.018542	  0.000942	 -0.016315
1993-09-06T00:00:00	 -0.020814	  0.000315	 -0.016250
1993-09-16T00:00:00	 -0.019828	  0.002719	 -0.016186
1993-09-26T00:00:00	 -0.020556	  0.001313	 -0.016121
1993-10-06T00:00:00	 -0.018735	  0.000604	 -0.016057
1993-10-16T00:00:00	 -0.018385	  0.000607	 -0.015992
1993-10-26T00:00:00	 -0.018669	  0.000078	 -0.015927
1993-11-05T00:00:00	 -0.020023	  0.001318	 -0.015862
1993-11-15T00:00:00	 -0.021332	  0.000547	 -0.015797
1993-11-25T00:00:00	 -0.021772	  0.000071	 -0.015733
1993-12-05T00:00:00	 -0.019762	  0.000663	 -0.015668
1993-12-15T00:00:00	 -0.015882	  0.000955	 -0.015603
1993-12-25T00:00:00	 -0.012575	  0.002057	 -0.015538
1994-01-04T00:00:00	 -0.016721	  0.001355	 -0.015472
1994-01-14T00:00:00	 -0.017499	  0.000435	 -0.015407
1994-01-24T00:00:00	 -0.016037	  0.001219	 -0.015342
1994-02-03T00:00:00	 -0.017123	  0.001898	 -0.015277
1994-02-13T00:00:00	 -0.019928	  0.001898	 -0.015211
1994-02-23T00:00:00	 -0.020299	  0.001606	 -0.015146
1994-03-05T00:00:00	 -0.018241	  0.002922	 -0.015081
1994-03-15T00:00:00	 -0.018669	  0.004062	 -0.015015
1994-03-25T00:00:00	 -0.018177	  0.006299	 -0.014950
1994-04-04T00:00:00	 -0.016372	  0.003704	 -0.014884
1994-04-14T00:00:00	 -0.013085	  0.000437	 -0.014818
1994-04-24T00:00:00	 -0.014115	  0.000368	 -0.014753
1994-05-04T00:00:00	 -0.014735	  0.000948	 -0.014687
1994-05-14T00:00:00	 -0.016248	  0.000826	 -0.014621
1994-05-24T00:00:00	 -0.017879	  0.000216	 -0.014555
1994-06-03T00:00:00	 -0.017575	  0.000466	 -0.014489
1994-06-13T00:00:00	 -0.014961	  0.000265	 -0.014424
1994-06-23T00:00:00	 -0.015816	  0.001213	 -0.014358
1994-07-03T00:00:00	 -0.018121	  0.001462	 -0.014291
1994-07-13T00:00:00	 -0.016010	  0.001078	 -0.014225
1994-07-23T00:00:00	 -0.014269	  0.002807	 -0.014159
1994-08-02T00:00:00	 -0.012749	  0.003517	 -0.014093
1994-08-12T00:00:00	 -0.012871	  0.003706	 -0.014027
1994-08-22T00:00:00	 -0.013084	  0.003907	 -0.013961
1994-09-01T00:00:00	 -0.012440	  0.004062	 -0.013894
1994-09-11T00:00:00	 -0.014584	  0.000618	 -0.013828
1994-09-21T00:00:00	 -0.014837	  0.000634	 -0.013761
1994-10-01T00:00:00	 -0.012376	  0.002926	 -0.013695
1994-10-11T00:00:00	 -0.013181	  0.002081	 -0.013628
1994-10-21T00:00:00	 -0.013644	  0.001023	 -0.013562
1994-10-31T00:00:00	 -0.012448	  0.002088	 -0.013495
1994-11-10T00:00:00	 -0.012753	  0.001550	 -0.013428
1994-11-20T00:00:00	 -0.016185	  0.000162	 -0.013362
1994-11-30T00:00:00	 -0.016974	  0.000924	 -0.013295
1994-12-10T00:00:00	 -0.014442	  0.001926	 -0.013228
1994-12-20T00:00:00	 -0.010604	  0.000741	 -0.013161
1994-12-30T00:00:00	 -0.010346	  0.000521	 -0.013094
1995-01-09T00:00:00	 -0.009487	  0.001216	 -0.013027
1995-01-19T00:00:00	 -0.009994	  0.001192	 -0.012960
1995-01-29T00:00:00	 -0.008984	  0.001917	 -0.012893
1995-02-08T00:00:00	 -0.010666	  0.000828	 -0.012826
1995-02-18T00:00:00	 -0.012591	  0.001853	 -0.012759
1995-02-28T00:00:00	 -0.008738	  0.001475	 -0.012691
1995-03-10T00:00:00	 -0.004528	  0.001091	 -0.012624
1995-03-20T00:00:00	 -0.005911	  0.000376	 -0.012557
1995-03-30T00:00:00	 -0.012546	  0.001293	 -0.012489
1995-04-09T00:00:00	 -0.010537	  0.000300	 -0.012422
1995-04-19T00:00:00	 -0.008500	  0.000714	 -0.012354
1995-04-29T00:00:00	 -0.009577	  0.000424	 -0.012287
1995-05-09T00:00:00	 -0.011631	  0.000317	 -0.012219
1995-05-19T00:00:00	 -0.011512	  0.000481	 -0.012151
1995-05-29T00:00:00	 -0.009304	  0.000757	 -0.012084
1995-06-08T00:00:00	 -0.007225	  0.001745	 -0.012016
1995-06-18T00:00:00	 -0.008836	  0.001289	 -0.011948
1995-06-28T00:00:00	 -0.011772	  0.000910	 -0.011880
1995-07-08T00:00:00	 -0.012631	  0.002598	 -0.011812
1995-07-18T00:00:00	 -0.012411	  0.002528	 -0.011744
1995-07-28T00:00:00	 -0.011858	  0.001658	 -0.011676
1995-08-07T00:00:00	 -0.008201	  0.004983	 -0.011608
1995-08-17T00:00:00	 -0.008771	  0.002671	 -0.011540
1995-08-27T00:00:00	 -0.011245	  0.000608	 -0.011472
1995-09-06T00:00:00	 -0.009525	  0.001568	 -0.011404
1995-09-16T00:00:00	 -0.005294	  0.001917	 -0.011335
1995-09-26T00:00:00	 -0.003693	  0.001101	 -0.011267
1995-10-06T00:00:00	 -0.009054	  0.000271	 -0.011199
1995-10-16T00:00:00	 -0.009539	  0.001343	 -0.011130
1995-10-26T00:00:00	 -0.009388	  0.000758	 -0.011062
1995-11-05T00:00:00	 -0.011569	  0.001390	 -0.010993
1995-11-15T00:00:00	 -0.010842	  0.001641	 -0.010925
1995-11-25T00:00:00	 -0.006675	  0.002266	 -0.010856
1995-12-05T00:00:00	 -0.009813	  0.001649	 -0.010787
1995-12-15T00:00:00	 -0.005361	  0.001680	 -0.010719
1995-12-25T00:00:00	 -0.002705	  0.002003	 -0.010650
1996-01-04T00:00:00	 -0.005233	  0.001953	 -0.010581
1996-01-14T00:00:00	 -0.007264	  0.002811	 -0.010512
1996-01-24T00:00:00	 -0.012175	  0.001086	 -0.010443
1996-02-03T00:00:00	 -0.010274	  0.001805	 -0.010374
1996-02-13T00:00:00	 -0.007079	  0.000498	 -0.010305
1996-02-23T00:00:00	 -0.005752	  0.001313	 -0.010236
1996-03-04T00:00:00	 -0.008912	  0.002155	 -0.010167
1996-03-14T00:00:00	 -0.012376	  0.003200	 -0.010098
1996-03-24T00:00:00	 -0.011104	  0.003461	 -0.010029
1996-04-03T00:00:00	 -0.008246	  0.001831	 -0.009959
1996-04-13T00:00:00	 -0.008297	  0.001802	 -0.009890
1996-04-23T00:00:00	 -0.005714	  0.001653	 -0.009820
1996-05-03T00:00:00	 -0.004164	  0.002172	 -0.009751
1996-05-13T00:00:00	 -0.003599	  0.001139	 -0.009682
1996-05-23T00:00:00	 -0.004872	  0.000669	 -0.009612
1996-06-02T00:00:00	 -0.005797	  0.001253	 -0.009542
1996-06-12T00:00:00	 -0.008283	  0.000039	 -0.009473
1996-06-22T00:00:00	 -0.005259	  0.003057	 -0.009403
1996-07-02T00:00:00	 -0.005055	  0.002762	 -0.009333
1996-07-12T00:00:00	 -0.004915	  0.001060	 -0.009263
1996-07-22T00:00:00	 -0.003038	  0.000730	 -0.009194
1996-08-01T00:00:00	 -0.003408	  0.001270	 -0.009124
1996-08-11T00:00:00	 -0.006244	  0.001375	 -0.009054
1996-08-21T00:00:00	 -0.009862	  0.001588	 -0.008984
1996-08-31T00:00:00	 -0.012292	  0.002632	 -0.008914
1996-09-10T00:00:00	 -0.009990	  0.000947	 -0.008844
1996-09-20T00:00:00	 -0.003502	  0.002204	 -0.008773
1996-09-30T00:00:00	 -0.000996	  0.003255	 -0.008703
1996-10-10T00:00:00	 -0.004586	  0.000686	 -0.008633
1996-10-20T00:00:00	 -0.003144	  0.002153	 -0.008563
1996-10-30T00:00:00	 -0.000736	  0.000870	 -0.008492
1996-11-09T00:00:00	 -0.001286	  0.001380	 -0.008422
1996-11-19T00:00:00	 -0.005441	  0.001466	 -0.008351
1996-11-29T00:00:00	 -0.005677	  0.000304	 -0.008281
1996-12-09T00:00:00	 -0.006366	  0.001015	 -0.008210
1996-12-19T00:00:00	 -0.007051	  0.000175	 -0.008140
1996-12-29T00:00:00	 -0.005282	  0.001593	 -0.008069
1997-01-08T00:00:00	 -0.003483	  0.000653	 -0.007998
1997-01-18T00:00:00	 -0.005226	  0.000853	 -0.007928
1997-01-28T00:00:00	 -0.006537	  0.001516	 -0.007857
1997-02-07T00:00:00	 -0.009623	  0.004819	 -0.007786
1997-02-17T00:00:00	 -0.001457	  0.001762	 -0.007715
1997-02-27T00:00:00	 -0.005294	  0.002419	 -0.007644
1997-03-09T00:00:00	 -0.006829	  0.002929	 -0.007573
1997-03-19T00:00:00	 -0.007693	  0.002996	 -0.007502
1997-03-29T00:00:00	 -0.005473	  0.002286	 -0.007431
1997-04-08T00:00:00	 -0.005674	  0.001865	 -0.007360
1997-04-18T00:00:00	 -0.009665	  0.003944	 -0.007288
1997-04-28T00:00:00	 -0.007385	  0.003764	 -0.007217
1997-05-08T00:00:00	 -0.005176	  0.004040	 -0.007146
1997-05-18T00:00:00	 -0.005334	  0.003475	 -0.007074
1997-05-28T00:00:00	 -0.003748	  0.001723	 -0.007003
1997-06-07T00:00:00	 -0.002924	  0.001289	 -0.006931
1997-06-17T00:00:00	 -0.004682	  0.001398	 -0.006860
1997-06-27T00:00:00	 -0.005216	  0.001089	 -0.006788
1997-07-07T00:00:00	 -0.002051	  0.000463	 -0.006717
1997-07-17T00:00:00	 -0.000700	  0.000701	 -0.006645
1997-07-27T00:00:00	 -0.001176	  0.000843	 -0.006573
1997-08-06T00:00:00	 -0.000760	  0.000198	 -0.006501
1997-08-16T00:00:00	 -0.001623	  0.000576	 -0.006430
1997-08-26T00:00:00	 -0.001070	  0.000587	 -0.006358
1997-09-05T00:00:00	 -0.000063	  0.000021	 -0.006286
1997-09-15T00:00:00	  0.003164	  0.000631	 -0.006214
1997-09-25T00:00:00	  0.003336	  0.000881	 -0.006142
1997-10-05T00:00:00	  0.002796	  0.000951	 -0.006070
1997-10-15T00:00:00	  0.000228	  0.000496	 -0.005997
1997-10-25T00:00:00	 -0.000139	  0.001495	 -0.005925
1997-11-04T00:00:00	  0.002093	  0.000250	 -0.005853
1997-11-14T00:00:00	 -0.002563	  0.000607	 -0.005781
1997-11-24T00:00:00	 -0.004123	  0.001235	 -0.005708
1997-12-04T00:00:00	 -0.004088	  0.001441	 -0.005636
1997-12-14T00:00:00	 -0.005094	  0.001495	 -0.005564
1997-12-24T00:00:00	 -0.002915	  0.001311	 -0.005491
1998-01-03T00:00:00	 -0.003274	  0.000929	 -0.005418
1998-01-13T00:00:00	 -0.001243	  0.000969	 -0.005346
1998-01-23T00:00:00	  0.000001	  0.000338	 -0.005273
1998-02-02T00:00:00	 -0.001471	  0.001597	 -0.005201
1998-02-12T00:00:00	 -0.001086	  0.001677	 -0.005128
1998-02-22T00:00:00	  0.000057	  0.000788	 -0.005055
1998-03-04T00:00:00	 -0.002376	  0.000668	 -0.004982
1998-03-14T00:00:00	  0.000168	  0.000092	 -0.004909
1998-03-24T00:00:00	  0.001755	  0.001013	 -0.004836
1998-04-03T00:00:00	  0.000897	  0.001951	 -0.004763
1998-04-13T00:00:00	  0.001534	  0.001064	 -0.004690
1998-04-23T00:00:00	  0.001803	  0.000658	 -0.004617
1998-05-03T00:00:00	  0.000094	  0.001697	 -0.004544
1998-05-13T00:00:00	 -0.000002	  0.002034	 -0.004471
1998-05-23T00:00:00	 -0.001439	  0.003533	 -0.004397
1998-06-02T00:00:00	 -0.004221	  0.000353	 -0.004324
1998-06-12T00:00:00	 -0.003801	  0.000446	 -0.004251
1998-06-22T00:00:00	 -0.002079	  0.000712	 -0.004177
1998-07-02T00:00:00	  0.001118	  0.002024	 -0.004104
1998-07-12T00:00:00	 -0.000848	  0.001459	 -0.004030
1998-07-22T00:00:00	 -0.004118	  0.001099	 -0.003957
1998-08-01T00:00:00	 -0.000455	  0.002865	 -0.003883
1998-08-11T00:00:00	 -0.000192	  0.003744	 -0.003809
1998-08-21T00:00:00	 -0.001444	  0.003666	 -0.003736
1998-08-31T00:00:00	 -0.002067	  0.001258	 -0.003662
1998-09-10T00:00:00	 -0.002616	  0.001471	 -0.003588
1998-09-20T00:00:00	 -0.003208	  0.002342	 -0.003514
1998-09-30T00:00:00	 -0.005467	  0.000607	 -0.003440
1998-10-10T00:00:00	 -0.006699	  0.000521	 -0.003366
1998-10-20T00:00:00	 -0.004748	  0.002066	 -0.003292
1998-10-30T00:00:00	 -0.002152	  0.001080	 -0.003218
1998-11-09T00:00:00	 -0.003743	  0.001552	 -0.003144
1998-11-19T00:00:00	 -0.005715	  0.000063	 -0.003070
1998-11-29T00:00:00	 -0.006745	  0.000097	 -0.002996
1998-12-09T00:00:00	 -0.002736	  0.000561	 -0.002921
1998-12-19T00:00:00	 -0.004837	  0.001263	 -0.002847
1998-12-29T00:00:00	 -0.004935	  0.000988	 -0.002773
1999-01-08T00:00:00	 -0.004138	  0.000396	 -0.002698
1999-01-18T00:00:00	 -0.004323	  0.002031	 -0.002624
1999-01-28T00:00:00	 -0.007168	  0.002869	 -0.002549
1999-02-07T00:00:00	 -0.003700	  0.000365	 -0.002475
1999-02-17T00:00:00	 -0.001501	  0.001282	 -0.002400
1999-02-27T00:00:00	 -0.004795	  0.001010	 -0.002325
1999-03-09T00:00:00	 -0.006675	  0.001526	 -0.002251
1999-03-19T00:00:00	 -0.004581	  0.000975	 -0.002176
1999-03-29T00:00:00	 -0.001665	  0.000596	 -0.002101
1999-04-08T00:00:00	 -0.004535	  0.000868	 -0.002026
1999-04-18T00:00:00	 -0.004417	  0.000612	 -0.001951
1999-04-28T00:00:00	 -0.003612	  0.001589	 -0.001876
1999-05-08T00:00:00	 -0.003236	  0.001653	 -0.001801
1999-05-18T00:00:00	 -0.002209	  0.002897	 -0.001726
1999-05-28T00:00:00	 -0.002170	  0.003920	 -0.001651
1999-06-07T00:00:00	 -0.004905	  0.001202	 -0.001576
1999-06-17T00:00:00	 -0.005526	  0.001982	 -0.001500
1999-06-27T00:00:00	 -0.005930	  0.001321	 -0.001425
1999-07-07T00:00:00	 -0.004249	  0.002039	 -0.001350
1999-07-17T00:00:00	 -0.003740	  0.002492	 -0.001274
1999-07-27T00:00:00	 -0.003727	  0.002526	 -0.001199
1999-08-06T00:00:00	 -0.004951	  0.000521	 -0.001123
1999-08-16T00:00:00	 -0.003011	  0.002284	 -0.001048
1999-08-26T00:00:00	 -0.000745	  0.002690	 -0.000972
1999-09-05T00:00:00	 -0.002866	  0.002075	 -0.000897
1999-09-15T00:00:00	 -0.002895	  0.000835	 -0.000821
1999-09-25T00:00:00	 -0.000924	  0.000901	 -0.000745
1999-10-05T00:00:00	  0.000522	  0.001431	 -0.000669
1999-10-15T00:00:00	  0.000784	  0.000827	 -0.000593
1999-10-25T00:00:00	 -0.000432	  0.000202	 -0.000518
1999-11-04T00:00:00	 -0.001203	  0.000507	 -0.000442
1999-11-14T00:00:00	 -0.001398	  0.000138	 -0.000366
1999-11-24T00:00:00	  0.000710	  0.001022	 -0.000290
1999-12-04T00:00:00	  0.002114	  0.002340	 -0.000213
1999-12-14T00:00:00	  0.003213	  0.000441	 -0.000137
1999-12-24T00:00:00	  0.002250	  0.000204	 -0.000061
2000-01-03T00:00:00	  0.001636	  0.000801	  0.000015
2000-01-13T00:00:00	  0.002217	  0.000688	  0.000092
2000-01-23T00:00:00	  0.000109	  0.002674	  0.000168
2000-02-02T00:00:00	 -0.000796	  0.003060	  0.000244
2000-02-12T00:00:00	 -0.002851	  0.002615	  0.000321
2000-02-22T00:00:00	 -0.001415	  0.003247	  0.000397
2000-03-03T00:00:00	  0.002112	  0.002086	  0.000474
2000-03-13T00:00:00	  0.000310	  0.002643	  0.000551
2000-03-23T00:00:00	  0.002845	  0.000880	  0.000627
2000-04-02T00:00:00	  0.000353	  0.003199	  0.000704
2000-04-12T00:00:00	 -0.003974	  0.003299	  0.000781
2000-04-22T00:00:00	 -0.003993	  0.003622	  0.000858
2000-05-02T00:00:00	 -0.003777	  0.003038	  0.000934
2000-05-12T00:00:00	 -0.002340	  0.002967	  0.001011
2000-05-22T00:00:00	 -0.002534	  0.002341	  0.001088
2000-06-01T00:00:00	 -0.002866	  0.001809	  0.001165
2000-06-11T00:00:00	 -0.000900	  0.001072	  0.001242
2000-06-21T00:00:00	 -0.000617	  0.002644	  0.001320
2000-07-01T00:00:00	 -0.000472	  0.003547	  0.001397
2000-07-11T00:00:00	 -0.000258	  0.001135	  0.001474
2000-07-21T00:00:00	 -0.001069	  0.002903	  0.001551
2000-07-31T00:00:00	 -0.001138	  0.001916	  0.001629
2000-08-10T00:00:00	  0.000174	  0.002236	  0.001706
2000-08-20T00:00:00	  0.000507	  0.002747	  0.001783
2000-08-30T00:00:00	 -0.001475	  0.002212	  0.001861
2000-09-09T00:00:00	 -0.002442	  0.003511	  0.001938
2000-09-19T00:00:00	 -0.000863	  0.003770	  0.002016
2000-09-29T00:00:00	  0.001073	  0.004498	  0.002094
2000-10-09T00:00:00	  0.001527	  0.001725	  0.002171
2000-10-19T00:00:00	 -0.000571	  0.002375	  0.002249
2000-10-29T00:00:00	  0.003217	  0.003400	  0.002327
2000-11-08T00:00:00	  0.002211	  0.001270	  0.002405
2000-11-18T00:00:00	  0.001138	  0.001974	  0.002483
2000-11-28T00:00:00	  0.000896	  0.002105	  0.002561
2000-12-08T00:00:00	 -0.003470	  0.003589	  0.002639
2000-12-18T00:00:00	 -0.001707	  0.001454	  0.002717
2000-12-28T00:00:00	  0.002889	  0.001282	  0.002795
2001-01-07T00:00:00	  0.003374	  0.002114	  0.002873
2001-01-17T00:00:00	  0.000637	  0.004767	  0.002951
2001-01-27T00:00:00	  0.001805	  0.002481	  0.003029
2001-02-06T00:00:00	  0.001688	  0.002711	  0.003108
2001-02-16T00:00:00	  0.001232	  0.002450	  0.003186
2001-02-26T00:00:00	  0.003208	  0.002187	  0.003264
2001-03-08T00:00:00	  0.007465	  0.001661	  0.003343
2001-03-18T00:00:00	  0.003964	  0.000364	  0.003421
2001-03-28T00:00:00	  0.004984	  0.002033	  0.003500
2001-04-07T00:00:00	  0.000517	  0.004083	  0.003579
2001-04-17T00:00:00	  0.001626	  0.003437	  0.003657
2001-04-27T00:00:00	  0.002537	  0.002314	  0.003736
2001-05-07T00:00:00	  0.003527	  0.002057	  0.003815
2001-05-17T00:00:00	  0.003066	  0.002245	  0.003893
2001-05-27T00:00:00	  0.000023	  0.004099	  0.003972
2001-06-06T00:00:00	 -0.000088	  0.001958	  0.004051
2001-06-16T00:00:00	  0.001706	  0.000796	  0.004130
2001-06-26T00:00:00	  0.006436	  0.001441	  0.004209
2001-07-06T00:00:00	  0.007374	  0.001654	  0.004288
2001-07-16T00:00:00	  0.006513	  0.001750	  0.004367
2001-07-26T00:00:00	  0.004681	  0.001510	  0.004447
2001-08-05T00:00:00	  0.007730	  0.001425	  0.004526
2001-08-15T00:00:00	  0.003859	  0.000799	  0.004605
2001-08-25T00:00:00	  0.002828	  0.001684	  0.004684
2001-09-04T00:00:00	  0.005255	  0.000736	  0.004764
2001-09-14T00:00:00	  0.008768	  0.000304	  0.004843
2001-09-24T00:00:00	  0.006742	  0.002134	  0.004923
2001-10-04T00:00:00	  0.006543	  0.001885	  0.005002
2001-10-14T00:00:00	  0.003731	  0.002316	  0.005082
2001-10-24T00:00:00	  0.004606	  0.001328	  0.005161
2001-11-03T00:00:00	  0.008810	  0.002140	  0.005241
2001-11-13T00:00:00	  0.009702	  0.000920	  0.005321
2001-11-23T00:00:00	  0.006467	  0.002041	  0.005401
2001-12-03T00:00:00	  0.005816	  0.001185	  0.005480
2001-12-13T00:00:00	  0.004593	  0.000392	  0.005560
2001-12-23T00:00:00	  0.005653	  0.001744	  0.005640
2002-01-02T00:00:00	  0.007572	  0.001714	  0.005720
2002-01-12T00:00:00	  0.004985	  0.001625	  0.005800
2002-01-22T00:00:00	  0.005149	  0.000910	  0.005880
2002-02-01T00:00:00	  0.009239	  0.001023	  0.005960
2002-02-11T00:00:00	  0.009507	  0.000995	  0.006041
2002-02-21T00:00:00	  0.010769	  0.001002	  0.006121
2002-03-03T00:00:00	  0.009441	  0.000835	  0.006201
2002-03-13T00:00:00	  0.005775	  0.001185	  0.006282
2002-03-23T00:00:00	  0.005681	  0.001319	  0.006362
2002-04-02T00:00:00	  0.007267	  0.000711	  0.006442
2002-04-12T00:00:00	  0.008178	  0.001004	  0.006523
2002-04-22T00:00:00	  0.005924	  0.000923	  0.006603
2002-05-02T00:00:00	  0.008004	  0.001034	  0.006684
2002-05-12T00:00:00	  0.006620	  0.000861	  0.006765
2002-05-22T00:00:00	  0.006204	  0.001163	  0.006845
2002-06-01T00:00:00	  0.005519	  0.001743	  0.006926
2002-06-11T00:00:00	  0.005345	  0.001155	  0.007007
2002-06-21T00:00:00	  0.008514	  0.001274	  0.007088
2002-07-01T00:00:00	  0.009962	  0.000999	  0.007169
2002-07-11T00:00:00	  0.008202	  0.001735	  0.007250
2002-07-21T00:00:00	  0.010746	  0.002581	  0.007331
2002-07-31T00:00:00	  0.009896	  0.002580	  0.007412
2002-08-10T00:00:00	  0.010747	  0.002513	  0.007493
2002-08-20T00:00:00	  0.010341	  0.002228	  0.007574
2002-08-30T00:00:00	  0.009843	  0.001540	  0.007655
2002-09-09T00:00:00	  0.007784	  0.001179	  0.007736
2002-09-19T00:00:00	  0.007655	  0.000798	  0.007818
2002-09-29T00:00:00	  0.007106	  0.002032	  0.007899
2002-10-09T00:00:00	  0.007223	  0.002668	  0.007980
2002-10-19T00:00:00	  0.013146	  0.000995	  0.008062
2002-10-29T00:00:00	  0.011823	  0.000948	  0.008143
2002-11-08T00:00:00	  0.008547	  0.001833	  0.008225
2002-11-18T00:00:00	  0.009338	  0.001141	  0.008306
2002-11-28T00:00:00	  0.012277	  0.000929	  0.008388
2002-12-08T00:00:00	  0.014493	  0.001824	  0.008470
2002-12-18T00:00:00	  0.013274	  0.001592	  0.008552
2002-12-28T00:00:00	  0.012174	  0.001849	  0.008633
2003-01-07T00:00:00	  0.012913	  0.002212	  0.008715
2003-01-17T00:00:00	  0.012670	  0.000809	  0.008797
2003-01-27T00:00:00	  0.016070	  0.001436	  0.008879
2003-02-06T00:00:00	  0.015992	  0.001037	  0.008961
2003-02-16T00:00:00	  0.013750	  0.000970	  0.009043
2003-02-26T00:00:00	  0.012681	  0.001891	  0.009125
2003-03-08T00:00:00	  0.012020	  0.001103	  0.009208
2003-03-18T00:00:00	  0.013131	  0.000436	  0.009290
2003-03-28T00:00:00	  0.012934	  0.001404	  0.009372
2003-04-07T00:00:00	  0.013500	  0.001526	  0.009454
2003-04-17T00:00:00	  0.013394	  0.002241	  0.009537
2003-04-27T00:00:00	  0.011571	  0.001001	  0.009619
2003-05-07T00:00:00	  0.012602	  0.001313	  0.009702
2003-05-17T00:00:00	  0.012589	  0.002103	  0.009784
2003-05-27T00:00:00	  0.014435	  0.001726	  0.009867
2003-06-06T00:00:00	  0.013498	  0.002018	  0.009949
2003-06-16T00:00:00	  0.013143	  0.001843	  0.010032
2003-06-26T00:00:00	  0.012225	  0.001978	  0.010115
2003-07-06T00:00:00	  0.010723	  0.001391	  0.010198
2003-07-16T00:00:00	  0.012704	  0.001112	  0.010280
2003-07-26T00:00:00	  0.012188	  0.001607	  0.010363
2003-08-05T00:00:00	  0.011641	  0.000734	  0.010446
2003-08-15T00:00:00	  0.010526	  0.000519	  0.010529
2003-08-25T00:00:00	  0.011277	  0.000067	  0.010612
2003-09-04T00:00:00	  0.012888	  0.000755	  0.010695
2003-09-14T00:00:00	  0.012075	  0.002028	  0.010778
2003-09-24T00:00:00	  0.012228	  0.001587	  0.010862
2003-10-04T00:00:00	  0.014231	  0.000684	  0.010945
2003-10-14T00:00:00	  0.013894	  0.001229	  0.011028
2003-10-24T00:00:00	  0.012832	  0.001195	  0.011112
2003-11-03T00:00:00	  0.011439	  0.002155	  0.011195
2003-11-13T00:00:00	  0.012271	  0.001855	  0.011278
2003-11-23T00:00:00	  0.013495	  0.002962	  0.011362
2003-12-03T00:00:00	  0.016443	  0.003727	  0.011445
2003-12-13T00:00:00	  0.015199	  0.001060	  0.011529
2003-12-23T00:00:00	  0.015195	  0.002114	  0.011613
2004-01-02T00:00:00	  0.012843	  0.001924	  0.011696
2004-01-12T00:00:00	  0.015262	  0.002065	  0.011780
2004-01-22T00:00:00	  0.016609	  0.002683	  0.011864
2004-02-01T00:00:00	  0.014292	  0.000956	  0.011948
2004-02-11T00:00:00	  0.012385	  0.002111	  0.012032
2004-02-21T00:00:00	  0.012544	  0.001676	  0.012116
2004-03-02T00:00:00	  0.014578	  0.001429	  0.012200
2004-03-12T00:00:00	  0.013932	  0.001257	  0.012284
2004-03-22T00:00:00	  0.014395	  0.000384	  0.012368
2004-04-01T00:00:00	  0.016344	  0.000656	  0.012452
2004-04-11T00:00:00	  0.015086	  0.001853	  0.012536
2004-04-21T00:00:00	  0.015793	  0.000618	  0.012620
2004-05-01T00:00:00	  0.013235	  0.001708	  0.012705
2004-05-11T00:00:00	  0.014462	  0.001302	  0.012789
2004-05-21T00:00:00	  0.014706	  0.001588	  0.012873
2004-05-31T00:00:00	  0.016136	  0.001806	  0.012958
2004-06-10T00:00:00	  0.013058	  0.003305	  0.013042
2004-06-20T00:00:00	  0.014983	  0.002138	  0.013127
2004-06-30T00:00:00	  0.016092	  0.001250	  0.013212
2004-07-10T00:00:00	  0.015132	  0.001725	  0.013296
2004-07-20T00:00:00	  0.013886	  0.001254	  0.013381
2004-07-30T00:00:00	  0.011409	  0.001814	  0.013466
2004-08-09T00:00:00	  0.012827	  0.001568	  0.013551
2004-08-19T00:00:00	  0.014873	  0.001788	  0.013635
2004-08-29T00:00:00	  0.014464	  0.000688	  0.013720
2004-09-08T00:00:00	  0.015773	  0.001786	  0.013805
2004-09-18T00:00:00	  0.016733	  0.001340	  0.013890
2004-09-28T00:00:00	  0.013365	  0.001162	  0.013975
2004-10-08T00:00:00	  0.015484	  0.000786	  0.014061
2004-10-18T00:00:00	  0.014693	  0.001688	  0.014146
2004-10-28T00:00:00	  0.014202	  0.001544	  0.014231
2004-11-07T00:00:00	  0.015937	  0.001696	  0.014316
2004-11-17T00:00:00	  0.015766	  0.000816	  0.014402
2004-11-27T00:00:00	  0.012238	  0.001357	  0.014487
2004-12-07T00:00:00	  0.016175	  0.001079	  0.014572
2004-12-17T00:00:00	  0.016717	  0.000505	  0.014658
2004-12-27T00:00:00	  0.018737	  0.001867	  0.014743
2005-01-06T00:00:00	  0.014195	  0.001719	  0.014829
2005-01-16T00:00:00	  0.015416	  0.001876	  0.014915
2005-01-26T00:00:00	  0.018249	  0.000292	  0.015000
2005-02-05T00:00:00	  0.019892	  0.002894	  0.015086
2005-02-15T00:00:00	  0.018525	  0.002694	  0.015172
2005-02-25T00:00:00	  0.018275	  0.002318	  0.015258
2005-03-07T00:00:00	  0.021454	  0.003121	  0.015343
2005-03-17T00:00:00	  0.018931	  0.002173	  0.015429
2005-03-27T00:00:00	  0.016012	  0.002617	  0.015515
2005-04-06T00:00:00	  0.017875	  0.002257	  0.015601
2005-04-16T00:00:00	  0.019945	  0.002071	  0.015688
2005-04-26T00:00:00	  0.016761	  0.002078	  0.015774
2005-05-06T00:00:00	  0.018335	  0.000681	  0.015860
2005-05-16T00:00:00	  0.019830	  0.001349	  0.015946
2005-05-26T00:00:00	  0.018440	  0.001000	  0.016032
2005-06-05T00:00:00	  0.017197	  0.002158	  0.016119
2005-06-15T00:00:00	  0.017126	  0.002440	  0.016205
2005-06-25T00:00:00	  0.016895	  0.002412	  0.016292
2005-07-05T00:00:00	  0.017308	  0.002420	  0.016378
2005-07-15T00:00:00	  0.018455	  0.001672	  0.016465
2005-07-25T00:00:00	  0.018640	  0.001596	  0.016551
2005-08-04T00:00:00	  0.018482	  0.002151	  0.016638
2005-08-14T00:00:00	  0.018150	  0.002323	  0.016725
2005-08-24T00:00:00	  0.017409	  0.001464	  0.016811
2005-09-03T00:00:00	  0.017350	  0.001518	  0.016898
2005-09-13T00:00:00	  0.019249	  0.001045	  0.016985
2005-09-23T00:00:00	  0.017998	  0.001569	  0.017072
2005-10-03T00:00:00	  0.016583	  0.002118	  0.017159
2005-10-13T00:00:00	  0.017945	  0.003149	  0.017246
2005-10-23T00:00:00	  0.018306	  0.003344	  0.017333
2005-11-02T00:00:00	  0.019565	  0.002418	  0.017420
2005-11-12T00:00:00	  0.021725	  0.001950	  0.017507
2005-11-22T00:00:00	  0.020870	  0.001217	  0.017594
2005-12-02T00:00:00	  0.020138	  0.000880	  0.017682
2005-12-12T00:00:00	  0.019530	  0.001633	  0.017769
2005-12-22T00:00:00	  0.020829	  0.001278	  0.017856
2006-01-01T00:00:00	  0.021477	  0.001130	  0.017944
2006-01-11T00:00:00	  0.019294	  0.000572	  0.018031
2006-01-21T00:00:00	  0.018905	  0.002711	  0.018119
2006-01-31T00:00:00	  0.019980	  0.001432	  0.018206
2006-02-10T00:00:00	  0.020098	  0.000942	  0.018294
2006-02-20T00:00:00	  0.018277	  0.001729	  0.018382
2006-03-02T00:00:00	  0.020666	  0.001493	  0.018469
2006-03-12T00:00:00	  0.019671	  0.001305	  0.018557
2006-03-22T00:00:00	  0.016812	  0.000690	  0.018645
2006-04-01T00:00:00	  0.018723	  0.001927	  0.018733
2006-04-11T00:00:00	  0.019240	  0.000346	  0.018821
2006-04-21T00:00:00	  0.019472	  0.000293	  0.018909
2006-05-01T00:00:00	  0.019629	  0.000929	  0.018997
2006-05-11T00:00:00	  0.021561	  0.000477	  0.019085
2006-05-21T00:00:00	  0.023186	  0.000756	  0.019173
2006-05-31T00:00:00	  0.022768	  0.000706	  0.019261
2006-06-10T00:00:00	  0.022451	  0.000734	  0.019349
2006-06-20T00:00:00	  0.022127	  0.001096	  0.019437
2006-06-30T00:00:00	  0.020444	  0.002947	  0.019526
2006-07-10T00:00:00	  0.021789	  0.002955	  0.019614
2006-07-20T00:00:00	  0.021177	  0.002651	  0.019703
2006-07-30T00:00:00	  0.020835	  0.002971	  0.019791
2006-08-09T00:00:00	  0.018487	  0.000152	  0.019880
2006-08-19T00:00:00	  0.018543	  0.000050	  0.019968
2006-08-29T00:00:00	  0.019396	  0.001120	  0.020057
2006-09-08T00:00:00	  0.019153	  0.001895	  0.020146
2006-09-18T00:00:00	  0.020304	  0.001418	  0.020234
2006-09-28T00:00:00	  0.021163	  0.000466	  0.020323
2006-10-08T00:00:00	  0.021136	  0.001203	  0.020412
2006-10-18T00:00:00	  0.021962	  0.000521	  0.020501
2006-10-28T00:00:00	  0.020253	  0.002058	  0.020590
2006-11-07T00:00:00	  0.020416	  0.002072	  0.020679
2006-11-17T00:00:00	  0.019973	  0.000205	  0.020768
2006-11-27T00:00:00	  0.017890	  0.001405	  0.020857
2006-12-07T00:00:00	  0.019956	  0.002013	  0.020946
2006-12-17T00:00:00	  0.020898	  0.001709	  0.021035
2006-12-27T00:00:00	  0.019948	  0.001621	  0.021124
2007-01-06T00:00:00	  0.019513	  0.000244	  0.021214
2007-01-16T00:00:00	  0.019106	  0.001233	  0.021303
2007-01-26T00:00:00	  0.020008	  0.000176	  0.021392
2007-02-05T00:00:00	  0.018914	  0.000804	  0.021482
2007-02-15T00:00:00	  0.017500	  0.001131	  0.021571
2007-02-25T00:00:00	  0.019253	  0.000529	  0.021661
2007-03-07T00:00:00	  0.018846	  0.000198	  0.021751
2007-03-17T00:00:00	  0.018523	  0.001679	  0.021840
2007-03-27T00:00:00	  0.017562	  0.003725	  0.021930
2007-04-06T00:00:00	  0.020267	  0.004217	  0.022020
2007-04-16T00:00:00	  0.020960	  0.003316	  0.022109
2007-04-26T00:00:00	  0.021717	  0.001701	  0.022199
2007-05-06T00:00:00	  0.018483	  0.000013	  0.022289
2007-05-16T00:00:00	  0.020979	  0.000920	  0.022379
2007-05-26T00:00:00	  0.021477	  0.002294	  0.022469
2007-06-05T00:00:00	  0.019978	  0.002339	  0.022559
2007-06-15T00:00:00	  0.018217	  0.000603	  0.022649
2007-06-25T00:00:00	  0.018344	  0.000272	  0.022740
2007-07-05T00:00:00	  0.020758	  0.001410	  0.022830
2007-07-15T00:00:00	  0.019601	  0.000754	  0.022920
2007-07-25T00:00:00	  0.018311	  0.000328	  0.023010
2007-08-04T00:00:00	  0.018640	  0.000428	  0.023101
2007-08-14T00:00:00	  0.020196	  0.001483	  0.023191
2007-08-24T00:00:00	  0.018412	  0.000338	  0.023282
2007-09-03T00:00:00	  0.016288	  0.000323	  0.023372
2007-09-13T00:00:00	  0.017413	  0.000314	  0.023463
2007-09-23T00:00:00	  0.021695	  0.000946	  0.023553
2007-10-03T00:00:00	  0.021917	  0.000449	  0.023644
2007-10-13T00:00:00	  0.020083	  0.000672	  0.023735
2007-10-23T00:00:00	  0.020208	  0.000034	  0.023825
2007-11-02T00:00:00	  0.018644	  0.000890	  0.023916
2007-11-12T00:00:00	  0.021438	  0.000219	  0.024007
2007-11-22T00:00:00	  0.025163	  0.001411	  0.024098
2007-12-02T00:00:00	  0.023925	  0.001567	  0.024189
2007-12-12T00:00:00	  0.022495	  0.001304	  0.024280
2007-12-22T00:00:00	  0.019226	  0.000174	  0.024371
2008-01-01T00:00:00	  0.021242	  0.000056	  0.024462
2008-01-11T00:00:00	  0.021796	  0.000123	  0.024553
2008-01-21T00:00:00	  0.024449	  0.000613	  0.024645
2008-01-31T00:00:00	  0.023553	  0.000676	  0.024736
2008-02-10T00:00:00	  0.022730	  0.000237	  0.024827
2008-02-20T00:00:00	  0.023464	  0.000095	  0.024919
2008-03-01T00:00:00	  0.022139	  0.000566	  0.025010
2008-03-11T00:00:00	  0.024468	  0.000551	  0.025102
2008-03-21T00:00:00	  0.025494	  0.000138	  0.025193
2008-03-31T00:00:00	  0.023366	  0.000869	  0.025285
2008-04-10T00:00:00	  0.022289	  0.000612	  0.025376
2008-04-20T00:00:00	  0.022650	  0.000847	  0.025468
2008-04-30T00:00:00	  0.022766	  0.000218	  0.025560
2008-05-10T00:00:00	  0.022815	  0.000653	  0.025652
2008-05-20T00:00:00	  0.026114	  0.002108	  0.025743
2008-05-30T00:00:00	  0.026438	  0.001688	  0.025835
2008-06-09T00:00:00	  0.025598	  0.000794	  0.025927
2008-06-19T00:00:00	  0.025469	  0.000070	  0.026019
2008-06-29T00:00:00	  0.026874	  0.001104	  0.026111
2008-07-09T00:00:00	  0.027139	  0.001183	  0.026203
2008-07-19T00:00:00	  0.025674	  0.001108	  0.026295
2008-07-29T00:00:00	  0.024091	  0.000319	  0.026388
2008-08-08T00:00:00	  0.023342	  0.000027	  0.026480
2008-08-18T00:00:00	  0.024223	  0.001827	  0.026572
2008-08-28T00:00:00	  0.023153	  0.000982	  0.026665
2008-09-07T00:00:00	  0.024154	  0.000355	  0.026757
2008-09-17T00:00:00	  0.023166	  0.000710	  0.026849
2008-09-27T00:00:00	  0.024423	  0.000190	  0.026942
2008-10-07T00:00:00	  0.025780	  0.001027	  0.027034
2008-10-17T00:00:00	  0.026159	  0.001301	  0.027127
2008-10-27T00:00:00	  0.025984	  0.000889	  0.027220
2008-11-06T00:00:00	  0.025594	  0.000779	  0.027312
2008-11-16T00:00:00	  0.027245	  0.000760	  0.027405
2008-11-26T00:00:00	  0.028065	  0.001255	  0.027498
2008-12-06T00:00:00	  0.029562	  0.000959	  0.027591
2008-12-16T00:00:00	  0.026886	  0.001733	  0.027684
2008-12-26T00:00:00	  0.025517	  0.000882	  0.027777
2009-01-05T00:00:00	  0.026544	  0.000478	  0.027870
2009-01-15T00:00:00	  0.026515	  0.000417	  0.027963
2009-01-25T00:00:00	  0.026509	  0.000348	  0.028056
2009-02-04T00:00:00	  0.026007	  0.001207	  0.028149
2009-02-14T00:00:00	  0.025823	  0.002069	  0.028242
2009-02-24T00:00:00	  0.026988	  0.000062	  0.028336
2009-03-06T00:00:00	  0.029004	  0.000919	  0.028429
2009-03-16T00:00:00	  0.030060	  0.001060	  0.028522
2009-03-26T00:00:00	  0.029871	  0.000936	  0.028616
2009-04-05T00:00:00	  0.028351	  0.000606	  0.028709
2009-04-15T00:00:00	  0.026878	  0.000289	  0.028803
2009-04-25T00:00:00	  0.027932	  0.000903	  0.028896
2009-05-05T00:00:00	  0.028979	  0.001378	  0.028990
2009-05-15T00:00:00	  0.027588	  0.000369	  0.029083
2009-05-25T00:00:00	  0.028113	  0.000789	  0.029177
2009-06-04T00:00:00	  0.028244	  0.000484	  0.029271
2009-06-14T00:00:00	  0.030611	  0.001011	  0.029365
2009-06-24T00:00:00	  0.029254	  0.000416	  0.029459
2009-07-04T00:00:00	  0.027899	  0.000788	  0.029553
2009-07-14T00:00:00	  0.027519	  0.000924	  0.029647
2009-07-24T00:00:00	  0.029016	  0.000936	  0.029741
2009-08-03T00:00:00	  0.028809	  0.001163	  0.029835
2009-08-13T00:00:00	  0.027657	  0.000787	  0.029929
2009-08-23T00:00:00	  0.027697	  0.001450	  0.030023
2009-09-02T00:00:00	  0.029221	  0.001572	  0.030117
2009-09-12T00:00:00	  0.031299	  0.001156	  0.030211
2009-09-22T00:00:00	  0.031633	  0.001033	  0.030306
2009-10-02T00:00:00	  0.031516	  0.000589	  0.030400
2009-10-12T00:00:00	  0.031218	  0.000310	  0.030495
2009-10-22T00:00:00	  0.031231	  0.000343	  0.030589
2009-11-01T00:00:00	  0.032091	  0.000645	  0.030684
2009-11-11T00:00:00	  0.029644	  0.000370	  0.030778
2009-11-21T00:00:00	  0.030265	  0.000508	  0.030873
2009-12-01T00:00:00	  0.031454	  0.000879	  0.030968
2009-12-11T00:00:00	  0.030602	  0.001290	  0.031062
2009-12-21T00:00:00	  0.031741	  0.000608	  0.031157
2009-12-31T00:00:00	  0.031156	  0.000492	  0.031252
2010-01-10T00:00:00	  0.030816	  0.001123	  0.031347
2010-01-20T00:00:00	  0.029978	  0.000853	  0.031442
2010-01-30T00:00:00	  0.028201	  0.002073	  0.031537
2010-02-09T00:00:00	  0.030441	  0.001690	  0.031632
2010-02-19T00:00:00	  0.032765	  0.000586	  0.031727
2010-03-01T00:00:00	  0.035561	  0.000163	  0.031822
2010-03-11T00:00:00	  0.032650	  0.000850	  0.031917
2010-03-21T00:00:00	  0.030290	  0.000915	  0.032013
2010-03-31T00:00:00	  0.029776	  0.000722	  0.032108
2010-04-10T00:00:00	  0.031190	  0.000691	  0.032203
2010-04-20T00:00:00	  0.032759	  0.001205	  0.032299
2010-04-30T00:00:00	  0.031304	  0.001071	  0.032394
2010-05-10T00:00:00	  0.030945	  0.000953	  0.032490
2010-05-20T00:00:00	  0.033141	  0.000514	  0.032585
2010-05-30T00:00:00	  0.033370	  0.001382	  0.032681
2010-06-09T00:00:00	  0.033484	  0.000664	  0.032776
2010-06-19T00:00:00	  0.034077	  0.000487	  0.032872
2010-06-29T00:00:00	  0.033345	  0.001018	  0.032968
2010-07-09T00:00:00	  0.033057	  0.001873	  0.033064
2010-07-19T00:00:00	  0.033929	  0.001705	  0.033159
2010-07-29T00:00:00	  0.033591	  0.001378	  0.033255
2010-08-08T00:00:00	  0.033241	  0.001295	  0.033351
2010-08-18T00:00:00	  0.033241	  0.001068	  0.033447
2010-08-28T00:00:00	  0.030299	  0.001076	  0.033543
2010-09-07T00:00:00	  0.029232	  0.000462	  0.033640
2010-09-17T00:00:00	  0.029499	  0.001424	  0.033736
2010-09-27T00:00:00	  0.028405	  0.000868	  0.033832
2010-10-07T00:00:00	  0.029548	  0.001464	  0.033928
2010-10-17T00:00:00	  0.031037	  0.000283	  0.034025
2010-10-27T00:00:00	  0.032353	  0.001133	  0.034121
2010-11-06T00:00:00	  0.031001	  0.000968	  0.034217
2010-11-16T00:00:00	  0.029613	  0.000663	  0.034314
2010-11-26T00:00:00	  0.027504	  0.001665	  0.034410
2010-12-06T00:00:00	  0.027500	  0.000821	  0.034507
2010-12-16T00:00:00	  0.027750	  0.001118	  0.034604
2010-12-26T00:00:00	  0.029968	  0.000567	  0.034700
2011-01-05T00:00:00	  0.028227	  0.000814	  0.034797
2011-01-15T00:00:00	  0.027654	  0.000982	  0.034894
2011-01-25T00:00:00	  0.029206	  0.000656	  0.034991
2011-02-04T00:00:00	  0.028073	  0.001474	  0.035087
2011-02-14T00:00:00	  0.026612	  0.001895	  0.035184
2011-02-24T00:00:00	  0.027120	  0.001493	  0.035281
2011-03-06T00:00:00	  0.026980	  0.001229	  0.035378
2011-03-16T00:00:00	  0.026076	  0.001659	  0.035475
2011-03-26T00:00:00	  0.025297	  0.001333	  0.035573
2011-04-05T00:00:00	  0.026694	  0.001638	  0.035670
2011-04-15T00:00:00	  0.028700	  0.001241	  0.035767
2011-04-25T00:00:00	  0.027444	  0.000606	  0.035864
2011-05-05T00:00:00	  0.025552	  0.000580	  0.035962
2011-05-15T00:00:00	  0.027569	  0.000884	  0.036059
2011-05-25T00:00:00	  0.029097	  0.001116	  0.036156
2011-06-04T00:00:00	  0.029125	  0.000735	  0.036254
2011-06-14T00:00:00	  0.029831	  0.000650	  0.036351
2011-06-24T00:00:00	  0.030808	  0.000691	  0.036449
2011-07-04T00:00:00	  0.029858	  0.000809	  0.036547
2011-07-14T00:00:00	  0.028997	  0.001194	  0.036644
2011-07-24T00:00:00	  0.028638	  0.000467	  0.036742
2011-08-03T00:00:00	  0.029479	  0.000836	  0.036840
2011-08-13T00:00:00	  0.030369	  0.001305	  0.036938
2011-08-23T00:00:00	  0.031821	  0.000379	  0.037036
2011-09-02T00:00:00	  0.031791	  0.000601	  0.037134
2011-09-12T00:00:00	  0.029153	  0.001010	  0.037232
2011-09-22T00:00:00	  0.029499	  0.000620	  0.037330
2011-10-02T00:00:00	  0.031012	  0.001171	  0.037428
2011-10-12T00:00:00	  0.033263	  0.000776	  0.037526
2011-10-22T00:00:00	  0.032149	  0.001132	  0.037624
2011-11-01T00:00:00	  0.029703	  0.000527	  0.037722
2011-11-11T00:00:00	  0.028604	  0.001181	  0.037821
2011-11-21T00:00:00	  0.029483	  0.000865	  0.037919
2011-12-01T00:00:00	  0.031563	  0.000951	  0.038017
2011-12-11T00:00:00	  0.032509	  0.001021	  0.038116
2011-12-21T00:00:00	  0.034157	  0.000769	  0.038214
2011-12-31T00:00:00	  0.034505	  0.000805	  0.038313
2012-01-10T00:00:00	  0.035661	  0.001411	  0.038412
2012-01-20T00:00:00	  0.036323	  0.001295	  0.038510
2012-01-30T00:00:00	  0.036399	  0.001877	  0.038609
2012-02-09T00:00:00	  0.035629	  0.001767	  0.038708
2012-02-19T00:00:00	  0.036290	  0.001071	  0.038806
2012-02-29T00:00:00	  0.035164	  0.002242	  0.038905
2012-03-10T00:00:00	  0.035137	  0.002354	  0.039004
2012-03-20T00:00:00	  0.037599	  0.001561	  0.039103
2012-03-30T00:00:00	  0.038032	  0.002760	  0.039202
2012-04-09T00:00:00	  0.036149	  0.002158	  0.039301
2012-04-19T00:00:00	  0.038891	  0.002082	  0.039400
2012-04-29T00:00:00	  0.038171	  0.001299	  0.039500
2012-05-09T00:00:00	  0.039271	  0.000819	  0.039599
2012-05-19T00:00:00	  0.039596	  0.000851	  0.039698
2012-05-29T00:00:00	  0.038775	  0.000354	  0.039797
2012-06-08T00:00:00	  0.040358	  0.000594	  0.039897
2012-06-18T00:00:00	  0.041242	  0.000413	  0.039996
2012-06-28T00:00:00	  0.039902	  0.000687	  0.040096
2012-07-08T00:00:00	  0.040957	  0.001436	  0.040195
2012-07-18T00:00:00	  0.043229	  0.001548	  0.040295
2012-07-28T00:00:00	  0.043103	  0.001052	  0.040394
2012-08-07T00:00:00	  0.042758	  0.000225	  0.040494
2012-08-17T00:00:00	  0.040919	  0.000769	  0.040594
2012-08-27T00:00:00	  0.040209	  0.000639	  0.040694
2012-09-06T00:00:00	  0.040902	  0.000597	  0.040793
2012-09-16T00:00:00	  0.042590	  0.000442	  0.040893
2012-09-26T00:00:00	  0.042956	  0.000784	  0.040993
2012-10-06T00:00:00	  0.043585	  0.000336	  0.041093
2012-10-16T00:00:00	  0.042669	  0.000755	  0.041193
2012-10-26T00:00:00	  0.041097	  0.000605	  0.041293
2012-11-05T00:00:00	  0.042723	  0.001320	  0.041393
2012-11-15T00:00:00	  0.042642	  0.001078	  0.041494
2012-11-25T00:00:00	  0.041955	  0.000622	  0.041594
2012-12-05T00:00:00	  0.043140	  0.000855	  0.041694
2012-12-15T00:00:00	  0.042247	  0.000675	  0.041794
2012-12-25T00:00:00	  0.041757	  0.000931	  0.041895
2013-01-04T00:00:00	  0.043339	  0.000719	  0.041995
2013-01-14T00:00:00	  0.043063	  0.000736	  0.042096
2013-01-24T00:00:00	  0.044817	  0.000937	  0.042196
2013-02-03T00:00:00	  0.044936	  0.000505	  0.042297
2013-02-13T00:00:00	  0.043491	  0.000936	  0.042398
2013-02-23T00:00:00	  0.043531	  0.000334	  0.042498
2013-03-05T00:00:00	  0.044653	  0.001152	  0.042599
2013-03-15T00:00:00	  0.045941	  0.001606	  0.042700
2013-03-25T00:00:00	  0.045277	  0.001014	  0.042801
2013-04-04T00:00:00	  0.044971	  0.001762	  0.042902
2013-04-14T00:00:00	  0.043699	  0.002815	  0.043002
2013-04-24T00:00:00	  0.043087	  0.002716	  0.043103
2013-05-04T00:00:00	  0.045558	  0.001783	  0.043205
2013-05-14T00:00:00	  0.045701	  0.001398	  0.043306
2013-05-24T00:00:00	  0.044665	  0.001319	  0.043407
2013-06-03T00:00:00	  0.043324	  0.001883	  0.043508
2013-06-13T00:00:00	  0.041693	  0.002774	  0.043609
2013-06-23T00:00:00	  0.042057	  0.003492	  0.043711
2013-07-03T00:00:00	  0.043466	  0.001055	  0.043812
2013-07-13T00:00:00	  0.042957	  0.001035	  0.043913
2013-07-23T00:00:00	  0.043586	  0.000685	  0.044015
2013-08-02T00:00:00	  0.043112	  0.000841	  0.044116
2013-08-12T00:00:00	  0.041396	  0.001654	  0.044218
2013-08-22T00:00:00	  0.039779	  0.001688	  0.044319
2013-09-01T00:00:00	  0.042062	  0.000902	  0.044421
2013-09-11T00:00:00	  0.041065	  0.001070	  0.044523
2013-09-21T00:00:00	  0.040369	  0.001291	  0.044625
2013-10-01T00:00:00	  0.040833	  0.001968	  0.044726
2013-10-11T00:00:00	  0.043179	  0.001973	  0.044828
2013-10-21T00:00:00	  0.044180	  0.000824	  0.044930
2013-10-31T00:00:00	  0.044454	  0.001076	  0.045032
2013-11-10T00:00:00	  0.043491	  0.001081	  0.045134
2013-11-20T00:00:00	  0.042407	  0.000975	  0.045236
2013-11-30T00:00:00	  0.041198	  0.001392	  0.045338
2013-12-10T00:00:00	  0.040786	  0.001191	  0.045441
2013-12-20T00:00:00	  0.042421	  0.001029	  0.045543
2013-12-30T00:00:00	  0.043724	  0.000422	  0.045645
2014-01-09T00:00:00	  0.042892	  0.000872	  0.045747
2014-01-19T00:00:00	  0.042232	  0.001331	  0.045850
2014-01-29T00:00:00	  0.043399	  0.001282	  0.045952
2014-02-08T00:00:00	  0.045005	  0.000901	  0.046055
2014-02-18T00:00:00	  0.046737	  0.000678	  0.046157
2014-02-28T00:00:00	  0.048980	  0.002265	  0.046260
2014-03-10T00:00:00	  0.048266	  0.001635	  0.046362
2014-03-20T00:00:00	  0.047364	  0.001784	  0.046465
2014-03-30T00:00:00	  0.047756	  0.002157	  0.046568
2014-04-09T00:00:00	  0.046878	  0.001173	  0.046671
2014-04-19T00:00:00	  0.046632	  0.001115	  0.046773
2014-04-29T00:00:00	  0.044172	  0.001082	  0.046876
2014-05-09T00:00:00	  0.043683	  0.001335	  0.046979
2014-05-19T00:00:00	  0.043481	  0.000744	  0.047082
2014-05-29T00:00:00	  0.044400	  0.001169	  0.047185
2014-06-08T00:00:00	  0.044621	  0.001279	  0.047288
2014-06-18T00:00:00	  0.046433	  0.001235	  0.047391
2014-06-28T00:00:00	  0.047286	  0.000896	  0.047495
2014-07-08T00:00:00	  0.047632	  0.000991	  0.047598
2014-07-18T00:00:00	  0.046555	  0.001108	  0.047701
2014-07-28T00:00:00	  0.045306	  0.000636	  0.047805
2014-08-07T00:00:00	  0.047501	  0.000902	  0.047908
2014-08-17T00:00:00	  0.047639	  0.000957	  0.048011
2014-08-27T00:00:00	  0.048260	  0.000639	  0.048115
2014-09-06T00:00:00	  0.047371	  0.001197	  0.048218
2014-09-16T00:00:00	  0.047635	  0.000815	  0.048322
2014-09-26T00:00:00	  0.046792	  0.001812	  0.048426
2014-10-06T00:00:00	  0.047926	  0.001155	  0.048529
2014-10-16T00:00:00	  0.049607	  0.000527	  0.048633
2014-10-26T00:00:00	  0.048365	  0.000496	  0.048737
2014-11-05T00:00:00	  0.046919	  0.000635	  0.048841
2014-11-15T00:00:00	  0.046228	  0.000600	  0.048945
2014-11-25T00:00:00	  0.045010	  0.001197	  0.049049
2014-12-05T00:00:00	  0.048256	  0.001584	  0.049153
2014-12-15T00:00:00	  0.053484	  0.000686	  0.049257
2014-12-25T00:00:00	  0.050890	  0.000732	  0.049361
2015-01-04T00:00:00	  0.047538	  0.000724	  0.049465
2015-01-14T00:00:00	  0.050153	  0.000371	  0.049569
2015-01-24T00:00:00	  0.051492	  0.000874	  0.049673
2015-02-03T00:00:00	  0.053633	  0.000840	  0.049778
2015-02-13T00:00:00	  0.054127	  0.000442	  0.049882
2015-02-23T00:00:00	  0.053715	  0.001599	  0.049986
2015-03-05T00:00:00	  0.052740	  0.001355	  0.050091
2015-03-15T00:00:00	  0.051672	  0.000647	  0.050195
2015-03-25T00:00:00	  0.053424	  0.000519	  0.050300
2015-04-04T00:00:00	  0.053639	  0.000880	  0.050405
2015-04-14T00:00:00	  0.053407	  0.000877	  0.050509
2015-04-24T00:00:00	  0.053491	  0.000778	  0.050614
2015-05-04T00:00:00	  0.053301	  0.000332	  0.050719
2015-05-14T00:00:00	  0.051888	  0.000588	  0.050824
2015-05-24T00:00:00	  0.051881	  0.000846	  0.050928
2015-06-03T00:00:00	  0.053574	  0.000789	  0.051033
2015-06-13T00:00:00	  0.053270	  0.000835	  0.051138
2015-06-23T00:00:00	  0.053826	  0.000984	  0.051243
2015-07-03T00:00:00	  0.054528	  0.001560	  0.051348
2015-07-13T00:00:00	  0.054793	  0.000689	  0.051454
2015-07-23T00:00:00	  0.054779	  0.000201	  0.051559
2015-08-02T00:00:00	  0.055871	  0.000597	  0.051664
2015-08-12T00:00:00	  0.054898	  0.001577	  0.051769
2015-08-22T00:00:00	  0.055225	  0.002125	  0.051874
2015-09-01T00:00:00	  0.057799	  0.000906	  0.051980
2015-09-11T00:00:00	  0.057540	  0.000431	  0.052085
2015-09-21T00:00:00	  0.057113	  0.000261	  0.052191
2015-10-01T00:00:00	  0.057513	  0.000898	  0.052296
2015-10-11T00:00:00	  0.057520	  0.001448	  0.052402
2015-10-21T00:00:00	  0.058754	  0.001193	  0.052508
2015-10-31T00:00:00	  0.058715	  0.000869	  0.052613
2015-11-10T00:00:00	  0.055446	  0.000908	  0.052719
2015-11-20T00:00:00	  0.056059	  0.000236	  0.052825
2015-11-30T00:00:00	  0.058054	  0.000470	  0.052931
2015-12-10T00:00:00	  0.057872	  0.000636	  0.053036
2015-12-20T00:00:00	  0.056772	  0.001137	  0.053142
2015-12-30T00:00:00	  0.054505	  0.001076	  0.053248
2016-01-09T00:00:00	  0.053939	  0.000944	  0.053354
2016-01-19T00:00:00	  0.058553	  0.000651	  0.053460
2016-01-29T00:00:00	  0.059076	  0.000756	  0.053567
2016-02-08T00:00:00	  0.060009	  0.000215	  0.053673
2016-02-18T00:00:00	  0.060426	  0.000532	  0.053779
2016-02-28T00:00:00	  0.060206	  0.000706	  0.053885
2016-03-09T00:00:00	  0.060211	  0.001037	  0.053992
2016-03-19T00:00:00	  0.060721	  0.000310	  0.054098
2016-03-29T00:00:00	  0.060706	  0.000339	  0.054205
2016-04-08T00:00:00	  0.059195	  0.000293	  0.054311
2016-04-18T00:00:00	  0.058140	  0.000805	  0.054418
2016-04-28T00:00:00	  0.057392	  0.000595	  0.054524
2016-05-08T00:00:00	  0.057061	  0.000446	  0.054631
2016-05-18T00:00:00	  0.056687	  0.000633	  0.054738
2016-05-28T00:00:00	  0.058517	  0.000623	  0.054844
2016-06-07T00:00:00	  0.059562	  0.000765	  0.054951
2016-06-17T00:00:00	  0.060475	  0.000443	  0.055058
2016-06-27T00:00:00	  0.059477	  0.001022	  0.055165
2016-07-07T00:00:00	  0.058645	  0.000465	  0.055272
2016-07-17T00:00:00	  0.057979	  0.001004	  0.055379
2016-07-27T00:00:00	  0.056112	  0.000547	  0.055486
2016-08-06T00:00:00	  0.056059	  0.001166	  0.055593
2016-08-16T00:00:00	  0.054112	  0.000586	  0.055700
2016-08-26T00:00:00	  0.055984	  0.000746	  0.055807
2016-09-05T00:00:00	  0.058546	  0.000817	  0.055915
2016-09-15T00:00:00	  0.058232	  0.001230	  0.056022
2016-09-25T00:00:00	  0.056425	  0.000987	  0.056129
2016-10-05T00:00:00	  0.054022	  0.000621	  0.056237
2016-10-15T00:00:00	  0.055729	  0.000572	  0.056344
2016-10-25T00:00:00	  0.057745	  0.000713	  0.056452
2016-11-04T00:00:00	  0.058185	  0.000660	  0.056559
2016-11-14T00:00:00	  0.059115	  0.000708	  0.056667
2016-11-24T00:00:00	  0.060513	  0.001096	  0.056774
2016-12-04T00:00:00	  0.059632	  0.000856	  0.056882
2016-12-14T00:00:00	  0.058309	  0.000890	  0.056990
2016-12-24T00:00:00	  0.058060	  0.000405	  0.057098
2017-01-03T00:00:00	  0.056829	  0.001277	  0.057206
2017-01-13T00:00:00	  0.058857	  0.000646	  0.057314
2017-01-23T00:00:00	  0.057941	  0.001298	  0.057422
2017-02-02T00:00:00	  0.055868	  0.001059	  0.057530
2017-02-12T00:00:00	  0.055981	  0.000291	  0.057638
2017-02-22T00:00:00	  0.056393	  0.000962	  0.057746
2017-03-04T00:00:00	  0.057311	  0.001151	  0.057854
2017-03-14T00:00:00	  0.058094	  0.000823	  0.057962
2017-03-24T00:00:00	  0.059014	  0.001737	  0.058070
2017-04-03T00:00:00	  0.058924	  0.001399	  0.058179
2017-04-13T00:00:00	  0.059122	  0.000706	  0.058287
2017-04-23T00:00:00	  0.058685	  0.000794	  0.058396
2017-05-03T00:00:00	  0.058319	  0.000539	  0.058504
2017-05-13T00:00:00	  0.057238	  0.000643	  0.058613
2017-05-23T00:00:00	  0.055055	  0.001383	  0.058721
2017-06-02T00:00:00	  0.056681	  0.000728	  0.058830
2017-06-12T00:00:00	  0.057587	  0.000617	  0.058939
2017-06-22T00:00:00	  0.058156	  0.001194	  0.059047
2017-07-02T00:00:00	  0.059400	  0.000624	  0.059156
2017-07-12T00:00:00	  0.058456	  0.001334	  0.059265
2017-07-22T00:00:00	  0.058267	  0.000512	  0.059374
2017-08-01T00:00:00	  0.059888	  0.000526	  0.059483
2017-08-11T00:00:00	  0.059636	  0.000658	  0.059592
2017-08-21T00:00:00	  0.059382	  0.000855	  0.059701
2017-08-31T00:00:00	  0.059736	  0.000498	  0.059810
2017-09-10T00:00:00	  0.060517	  0.000887	  0.059919
2017-09-20T00:00:00	  0.060048	  0.000887	  0.060028
2017-09-30T00:00:00	  0.058322	  0.000395	  0.060137
2017-10-10T00:00:00	  0.058159	  0.001340	  0.060247
2017-10-20T00:00:00	  0.059554	  0.000221	  0.060356
2017-10-30T00:00:00	  0.060384	  0.000793	  0.060465
2017-11-09T00:00:00	  0.060570	  0.002071	  0.060575
2017-11-19T00:00:00	  0.061942	  0.000930	  0.060684
2017-11-29T00:00:00	  0.062546	  0.000925	  0.060794
2017-12-09T00:00:00	  0.062214	  0.000824	  0.060904
2017-12-19T00:00:00	  0.062265	  0.000723	  0.061013
2017-12-29T00:00:00	  0.061225	  0.000867	  0.061123
2018-01-08T00:00:00	  0.061576	  0.000813	  0.061233
2018-01-18T00:00:00	  0.062609	  0.000664	  0.061342
2018-01-28T00:00:00	  0.063239	  0.000369	  0.061452
2018-02-07T00:00:00	  0.062981	  0.000646	  0.061562
2018-02-17T00:00:00	  0.060661	  0.001653	  0.061672
2018-02-27T00:00:00	  0.059644	  0.001706	  0.061782
2018-03-09T00:00:00	  0.062270	  0.001276	  0.061892
2018-03-19T00:00:00	  0.061730	  0.001186	  0.062002
2018-03-29T00:00:00	  0.060136	  0.000777	  0.062113
2018-04-08T00:00:00	  0.059716	  0.001294	  0.062223
2018-04-18T00:00:00	  0.061267	  0.001658	  0.062333
2018-04-28T00:00:00	  0.059995	  0.001717	  0.062443
2018-05-08T00:00:00	  0.060736	  0.001258	  0.062554
2018-05-18T00:00:00	  0.060449	  0.001082	  0.062664
2018-05-28T00:00:00	  0.059802	  0.000761	  0.062775
2018-06-07T00:00:00	  0.060270	  0.000774	  0.062885
2018-06-17T00:00:00	  0.060466	  0.001036	  0.062996
2018-06-27T00:00:00	  0.059188	  0.000880	  0.063106
2018-07-07T00:00:00	  0.061281	  0.001686	  0.063217
2018-07-17T00:00:00	  0.061635	  0.001257	  0.063328
2018-07-27T00:00:00	  0.060657	  0.000498	  0.063438
2018-08-06T00:00:00	  0.060334	  0.000222	  0.063549
2018-08-16T00:00:00	  0.061166	  0.000779	  0.063660
2018-08-26T00:00:00	  0.060424	  0.000938	  0.063771
2018-09-05T00:00:00	  0.061420	  0.001077	  0.063882
2018-09-15T00:00:00	  0.062164	  0.000838	  0.063993
2018-09-25T00:00:00	  0.062938	  0.000719	  0.064104
2018-10-05T00:00:00	  0.064251	  0.000827	  0.064215
2018-10-15T00:00:00	  0.063094	  0.000927	  0.064326
2018-10-25T00:00:00	  0.065171	  0.001147	  0.064438
2018-11-04T00:00:00	  0.064769	  0.001229	  0.064549
2018-11-14T00:00:00	  0.063422	  0.000978	  0.064660
2018-11-24T00:00:00	  0.061987	  0.001014	  0.064772
2018-12-04T00:00:00	  0.063207	  0.001291	  0.064883
2018-12-14T00:00:00	  0.063134	  0.000838	  0.064995
2018-12-24T00:00:00	  0.063230	  0.000868	  0.065106
2019-01-03T00:00:00	  0.063652	  0.001062	  0.065218
2019-01-13T00:00:00	  0.065149	  0.001183	  0.065329
2019-01-23T00:00:00	  0.066486	  0.001610	  0.065441
2019-02-02T00:00:00	  0.067089	  0.001624	  0.065553
2019-02-12T00:00:00	  0.067402	  0.001727	  0.065665
2019-02-22T00:00:00	  0.064739	  0.002546	  0.065776
2019-03-04T00:00:00	  0.064716	  0.001907	  0.065888
2019-03-14T00:00:00	  0.068009	  0.001642	  0.066000
2019-03-24T00:00:00	  0.069042	  0.001415	  0.066112
2019-04-03T00:00:00	  0.068028	  0.001404	  0.066224
2019-04-13T00:00:00	  0.066773	  0.001069	  0.066336
2019-04-23T00:00:00	  0.066290	  0.000908	  0.066448
2019-05-03T00:00:00	  0.067378	  0.001474	  0.066561
2019-05-13T00:00:00	  0.068003	  0.000925	  0.066673
2019-05-23T00:00:00	  0.066697	  0.001146	  0.066785
2019-06-02T00:00:00	  0.065542	  0.001102	  0.066898
2019-06-12T00:00:00	  0.067187	  0.001068	  0.067010
2019-06-22T00:00:00	  0.067950	  0.001412	  0.067122
2019-07-02T00:00:00	  0.068910	  0.001142	  0.067235
2019-07-12T00:00:00	  0.069510	  0.000699	  0.067347
2019-07-22T00:00:00	  0.068584	  0.000524	  0.067460
2019-08-01T00:00:00	  0.068985	  0.000710	  0.067573
2019-08-11T00:00:00	  0.069319	  0.000828	  0.067685
2019-08-21T00:00:00	  0.070397	  0.000951	  0.067798
2019-08-31T00:00:00	  0.069861	  0.001211	  0.067911
2019-09-10T00:00:00	  0.070667	  0.000979	  0.068024
2019-09-20T00:00:00	  0.070510	  0.000838	  0.068137
2019-09-30T00:00:00	  0.069993	  0.001473	  0.068250
2019-10-10T00:00:00	  0.069545	  0.000725	  0.068363
2019-10-20T00:00:00	  0.069476	  0.000714	  0.068476
2019-10-30T00:00:00	  0.068741	  0.001184	  0.068589
2019-11-09T00:00:00	  0.069716	  0.000918	  0.068702
2019-11-19T00:00:00	  0.070501	  0.000778	  0.068815
2019-11-29T00:00:00	  0.070229	  0.001098	  0.068929
2019-12-09T00:00:00	  0.070759	  0.000849	  0.069042
2019-12-19T00:00:00	  0.069761	  0.000718	  0.069155
2019-12-29T00:00:00	  0.070287	  0.000951	  0.069269
2020-01-08T00:00:00	  0.069733	  0.001659	  0.069382
2020-01-18T00:00:00	  0.068498	  0.001545	  0.069496
2020-01-28T00:00:00	  0.070908	  0.002027	  0.069609
2020-02-07T00:00:00	  0.070865	  0.001305	  0.069723
2020-02-17T00:00:00	  0.071419	  0.000365	  0.069836
2020-02-27T00:00:00	  0.069703	  0.000412	  0.069950
2020-03-08T00:00:00	  0.071288	  0.001697	  0.070064
2020-03-18T00:00:00	  0.070412	  0.001650	  0.070178
2020-03-28T00:00:00	  0.070595	  0.001703	  0.070292
2020-04-07T00:00:00	  0.071633	  0.000602	  0.070406
2020-04-17T00:00:00	  0.069772	  0.000415	  0.070520
2020-04-27T00:00:00	  0.069327	  0.000505	  0.070634
2020-05-07T00:00:00	  0.070716	  0.000481	  0.070748
2020-05-17T00:00:00	  0.071471	  0.000341	  0.070862
2020-05-27T00:00:00	  0.071743	  0.000571	  0.070976
2020-06-06T00:00:00	  0.072624	  0.000646	  0.071090
2020-06-16T00:00:00	  0.071906	  0.001227	  0.071205
2020-06-26T00:00:00	  0.071799	  0.000447	  0.071319
2020-07-06T00:00:00	  0.071052	  0.000990	  0.071433
2020-07-16T00:00:00	  0.071592	  0.000900	  0.071548
2020-07-26T00:00:00	  0.071910	  0.000843	  0.071662
2020-08-05T00:00:00	  0.070654	  0.001758	  0.071777
2020-08-15T00:00:00	  0.067863	  0.001202	  0.071891
2020-08-25T00:00:00	  0.069806	  0.000512	  0.072006
2020-09-04T00:00:00	  0.071008	  0.000274	  0.072121
2020-09-14T00:00:00	  0.071150	  0.000344	  0.072235
2020-09-24T00:00:00	  0.070827	  0.000614	  0.072350
2020-10-04T00:00:00	  0.071452	  0.000969	  0.072465
2020-10-14T00:00:00	  0.073076	  0.000835	  0.072580
2020-10-24T00:00:00	  0.073440	  0.001154	  0.072695
2020-11-03T00:00:00	  0.074655	  0.000609	  0.072810
2020-11-13T00:00:00	  0.072962	  0.001338	  0.072925
2020-11-23T00:00:00	  0.070660	  0.001971	  0.073040
2020-12-03T00:00:00	  0.072953	  0.001006	  0.073155
2020-12-13T00:00:00	  0.072602	  0.001204	  0.073270
2020-12-23T00:00:00	  0.073246	  0.000746	  0.073386
2021-01-02T00:00:00	  0.074939	  0.001631	  0.073501
2021-01-12T00:00:00	  0.075225	  0.001498	  0.073616
2021-01-22T00:00:00	  0.075438	  0.001751	  0.073732
2021-02-01T00:00:00	  0.075103	  0.002204	  0.073847
2021-02-11T00:00:00	  0.073740	  0.000831	  0.073963
2021-02-21T00:00:00	  0.072154	  0.000639	  0.074078
2021-03-03T00:00:00	  0.072316	  0.001532	  0.074194
2021-03-13T00:00:00	  0.073407	  0.001861	  0.074309
2021-03-23T00:00:00	  0.073739	  0.001112	  0.074425
2021-04-02T00:00:00	  0.075632	  0.000740	  0.074541
2021-04-12T00:00:00	  0.077330	  0.000834	  0.074657
2021-04-22T00:00:00	  0.076270	  0.001163	  0.074773
2021-05-02T00:00:00	  0.074646	  0.001225	  0.074888
2021-05-12T00:00:00	  0.075533	  0.000825	  0.075004
2021-05-22T00:00:00	  0.075266	  0.000801	  0.075120
2021-06-01T00:00:00	  0.075131	  0.000847	  0.075236
2021-06-11T00:00:00	  0.075093	  0.001244	  0.075353
2021-06-21T00:00:00	  0.076886	  0.001375	  0.075469
2021-07-01T00:00:00	  0.077542	  0.001372	  0.075585
2021-07-11T00:00:00	  0.076978	  0.000471	  0.075701
2021-07-21T00:00:00	  0.076028	  0.001308	  0.075818
2021-07-31T00:00:00	  0.078140	  0.001248	  0.075934
2021-08-10T00:00:00	  0.078889	  0.001525	  0.076050
2021-08-20T00:00:00	  0.077009	  0.000742	  0.076167
2021-08-30T00:00:00	  0.075290	  0.000982	  0.076283
2021-09-09T00:00:00	  0.077444	  0.001387	  0.076400
2021-09-19T00:00:00	  0.077281	  0.000631	  0.076517
2021-09-29T00:00:00	  0.076887	  0.000797	  0.076633
2021-10-09T00:00:00	  0.076922	  0.001154	  0.076750
2021-10-19T00:00:00	  0.078299	  0.001395	  0.076867
2021-10-29T00:00:00	  0.078994	  0.001869	  0.076984
2021-11-08T00:00:00	  0.076732	  0.001627	  0.077100
2021-11-18T00:00:00	  0.076349	  0.002008	  0.077217
2021-11-28T00:00:00	  0.079384	  0.001672	  0.077334
2021-12-08T00:00:00	  0.079939	  0.001698	  0.077451
2021-12-18T00:00:00	  0.076358	  0.000909	  0.077568
2021-12-28T00:00:00	  0.075702	  0.001593	  0.077686
2022-01-07T00:00:00	  0.077782	  0.001578	  0.077803
2022-01-17T00:00:00	  0.078863	  0.001189	  0.077920
2022-01-27T00:00:00	  0.079107	  0.001424	  0.078037
2022-02-06T00:00:00	  0.079572	  0.000535	  0.078155
2022-02-16T00:00:00	  0.077836	  0.002492	  0.078272
2022-02-26T00:00:00	  0.077972	  0.002108	  0.078389
2022-03-08T00:00:00	  0.076825	  0.001153	  0.078507
2022-03-18T00:00:00	  0.078785	  0.002130	  0.078624
2022-03-28T00:00:00	  0.079170	  0.002375	  0.078742
2022-04-07T00:00:00	  0.079566	  0.001525	  0.078860
2022-04-17T00:00:00	  0.078122	  0.002338	  0.078977
2022-04-27T00:00:00	  0.077324	  0.002332	  0.079095
2022-05-07T00:00:00	  0.077967	  0.001611	  0.079213
2022-05-17T00:00:00	  0.077636	  0.002292	  0.079331
2022-05-27T00:00:00	  0.078543	  0.001505	  0.079449
2022-06-06T00:00:00	  0.078891	  0.001944	  0.079567
2022-06-16T00:00:00	  0.079209	  0.001935	  0.079685
2022-06-26T00:00:00	  0.079988	  0.002056	  0.079803
2022-07-06T00:00:00	  0.080607	  0.000847	  0.079921
2022-07-16T00:00:00	  0.081261	  0.001252	  0.080039
2022-07-26T00:00:00	  0.080458	  0.000982	  0.080157
2022-08-05T00:00:00	  0.077745	  0.000298	  0.080275
2022-08-15T00:00:00	  0.077023	  0.000999	  0.080394
2022-08-25T00:00:00	  0.077936	  0.000811	  0.080512
2022-09-04T00:00:00	  0.078989	  0.000812	  0.080630
2022-09-14T00:00:00	  0.079673	  0.001420	  0.080749
2022-09-24T00:00:00	  0.079854	  0.001298	  0.080867
2022-10-04T00:00:00	  0.080077	  0.000876	  0.080986
2022-10-14T00:00:00	  0.079920	  0.000724	  0.081105
2022-10-24T00:00:00	  0.078871	  0.000545	  0.081223
2022-11-03T00:00:00	  0.080247	  0.000572	  0.081342
2022-11-13T00:00:00	  0.079402	  0.000261	  0.081461
2022-11-23T00:00:00	  0.078514	  0.000502	  0.081579
2022-12-03T00:00:00	  0.078418	  0.000869	  0.081698
2022-12-13T00:00:00	  0.080478	  0.001011	  0.081817
2022-12-23T00:00:00	  0.083535	  0.000580	  0.081936
2023-01-02T00:00:00	  0.083049	  0.000694	  0.082055
2023-01-12T00:00:00	  0.083199	  0.000902	  0.082174
2023-01-22T00:00:00	  0.083479	  0.001000	  0.082293
2023-02-01T00:00:00	  0.082532	  0.000539	  0.082413
2023-02-11T00:00:00	  0.081367	  0.000782	  0.082532
2023-02-21T00:00:00	  0.081370	  0.000969	  0.082651
2023-03-03T00:00:00	  0.082577	  0.000910	  0.082770
2023-03-13T00:00:00	  0.084038	  0.001032	  0.082890
2023-03-23T00:00:00	  0.081735	  0.001382	  0.083009
2023-04-02T00:00:00	  0.078512	  0.000739	  0.083129
2023-04-12T00:00:00	  0.077549	  0.001048	  0.083248
2023-04-22T00:00:00	  0.079879	  0.001297	  0.083368
2023-05-02T00:00:00	  0.081797	  0.001176	  0.083487
2023-05-12T00:00:00	  0.084440	  0.000978	  0.083607
2023-05-22T00:00:00	  0.084586	  0.000580	  0.083727
2023-06-01T00:00:00	  0.083512	  0.000200	  0.083847
2023-06-11T00:00:00	  0.083757	  0.000758	  0.083966
2023-06-21T00:00:00	  0.083906	  0.000783	  0.084086
2023-07-01T00:00:00	  0.085212	  0.000694	  0.084206
2023-07-11T00:00:00	  0.085858	  0.001713	  0.084326
2023-07-21T00:00:00	  0.085413	  0.001068	  0.084446
2023-07-31T00:00:00	  0.086488	  0.000514	  0.084566
2023-08-10T00:00:00	  0.087076	  0.000295	  0.084686
2023-08-20T00:00:00	  0.084919	  0.000927	  0.084807
2023-08-30T00:00:00	  0.085939	  0.002148	  0.084927
2023-09-09T00:00:00	  0.085706	  0.001443	  0.085047
2023-09-19T00:00:00	  0.086021	  0.001832	  0.085167
2023-09-29T00:00:00	  0.088367	  0.001892	  0.085288
2023-10-09T00:00:00	  0.089803	  0.001019	  0.085408
2023-10-19T00:00:00	  0.091646	  0.000521	  0.085529
2023-10-29T00:00:00	  0.089201	  0.001679	  0.085649
2023-11-08T00:00:00	  0.087919	  0.001209	  0.085770
2023-11-18T00:00:00	  0.086763	  0.000695	  0.085891
2023-11-28T00:00:00	  0.085007	  0.001335	  0.086011
2023-12-08T00:00:00	  0.086197	  0.000986	  0.086132
2023-12-18T00:00:00	  0.088417	  0.001322	  0.086253
2023-12-28T00:00:00	  0.089819	  0.001217	  0.086374
2024-01-07T00:00:00	  0.090164	  0.000972	  0.086495
2024-01-17T00:00:00	  0.090009	  0.001071	  0.086616
2024-01-27T00:00:00	  0.088715	  0.000792	  0.086737
2024-02-06T00:00:00	  0.087662	  0.000561	  0.086858
2024-02-16T00:00:00	  0.090727	  0.001672	  0.086979
2024-02-26T00:00:00	  0.091582	  0.001680	  0.087100
2024-03-07T00:00:00	  0.090868	  0.001826	  0.087221
2024-03-17T00:00:00	  0.092075	  0.001427	  0.087342
2024-03-27T00:00:00	  0.091216	  0.001408	  0.087464
2024-04-06T00:00:00	  0.088130	  0.000521	  0.087585
2024-04-16T00:00:00	  0.088180	  0.001048	  0.087706
2024-04-26T00:00:00	  0.088270	  0.001377	  0.087828
2024-05-06T00:00:00	  0.088837	  0.001331	  0.087949
2024-05-16T00:00:00	  0.090393	  0.000646	  0.088071
2024-05-26T00:00:00	  0.090042	  0.000797	  0.088192
2024-06-05T00:00:00	  0.090546	  0.000891	  0.088314
2024-06-15T00:00:00	  0.090808	  0.000684	  0.088436
2024-06-25T00:00:00	  0.087433	  0.001880	  0.088558
2024-07-05T00:00:00	  0.087396	  0.002041	  0.088679
2024-07-15T00:00:00	  0.088339	  0.000792	  0.088801
2024-07-25T00:00:00	  0.086379	  0.000390	  0.088923
2024-08-04T00:00:00	  0.085193	  0.000441	  0.089045
2024-08-14T00:00:00	  0.085791	  0.000311	  0.089167
2024-08-24T00:00:00	  0.086659	  0.001627	  0.089289
2024-09-03T00:00:00	  0.086208	  0.002430	  0.089411
