# column 1: time (years from 2000)
# column 2: mean sea level corrected for GIA, seasonal signal removed (mm)
# column 3: standard deviation of data spread (mm)
# column 4: quadratic fit to mean sea level (mm)
     -7.4689    -20.5031      2.2623    -18.3831
     -7.4415    -12.7301      2.2623    -18.3234
     -7.4141    -13.0434      2.2623    -18.2636
     -7.3867    -11.4373      2.2623    -18.2038
     -7.3593    -13.5634      2.2623    -18.1440
     -7.3320    -18.0701      2.2623    -18.0841
     -7.3046    -22.8861      2.2623    -18.0241
     -7.2772    -21.8143      2.2623    -17.9641
     -7.2498    -19.8144      2.2623    -17.9040
     -7.2225    -21.1340      2.2623    -17.8439
     -7.1951    -15.2253      2.2623    -17.7837
     -7.1677    -14.6148      2.2623    -17.7235
     -7.1403    -17.3763      2.2623    -17.6632
     -7.1129    -20.1514      2.2623    -17.6028
     -7.0856    -17.4077      2.2623    -17.5424
     -7.0582    -22.6223      0.8458    -17.4819
     -7.0308    -19.7520      1.6272    -17.4214
     -7.0034    -22.3025      2.2901    -17.3608
     -6.9760    -25.4981      6.7620    -17.3002
     -6.9487    -27.3198      4.5399    -17.2395
     -6.9213    -23.2193      3.1156    -17.1787
     -6.8939    -26.2017      1.2194    -17.1179
     -6.8665    -25.0685      1.9072    -17.0571
     -6.8392    -21.8303      3.5361    -16.9961
     -6.8118    -22.5932      5.9868    -16.9351
     -6.7844    -21.5043      3.2420    -16.8741
     -6.7570    -22.7457      2.4080    -16.8130
     -6.7296    -24.6426      1.6288    -16.7519
     -6.7023    -22.8075      2.5236    -16.6907
     -6.6749    -19.5831      2.9264    -16.6294
     -6.6475    -19.3177      4.2544    -16.5681
     -6.6201    -18.8435      2.9350    -16.5067
     -6.5927    -22.0041      1.3817    -16.4453
     -6.5654    -21.3240      0.1279    -16.3838
     -6.5380    -16.7393      0.9499    -16.3222
     -6.5106    -13.3838      0.6889    -16.2606
     -6.4832    -13.8639      0.5225    -16.1989
     -6.4559    -15.2159      1.3127    -16.1372
     -6.4285    -19.6068      2.9394    -16.0755
     -6.4011    -20.0323      1.1147    -16.0136
     -6.3737    -17.4430      0.3005    -15.9517
     -6.3463    -15.3245      1.3940    -15.8898
     -6.3190    -16.7482      3.1633    -15.8278
     -6.2916    -17.1710      1.1437    -15.7657
     -6.2642    -19.7404      1.5195    -15.7036
     -6.2368    -18.3334      0.3514    -15.6414
     -6.2094    -17.3902      0.1017    -15.5792
     -6.1821    -17.4212      0.1312    -15.5169
     -6.1547    -15.9571      1.5007    -15.4546
     -6.1273    -18.7258      0.6591    -15.3922
     -6.0999    -20.4463      0.1365    -15.3297
     -6.0726    -19.3198      0.0517    -15.2672
     -6.0452    -14.7596      1.3352    -15.2046
     -6.0178     -9.6476      0.0589    -15.1420
     -5.9904    -14.6910      0.1253    -15.0793
     -5.9630    -17.2886      0.0735    -15.0166
     -5.9357    -17.3473      0.7844    -14.9538
     -5.9083    -19.4963      2.6702    -14.8909
     -5.8809    -18.5863      2.6702    -14.8280
     -5.8535    -17.5529      4.2393    -14.7651
     -5.8261    -15.7547      4.8944    -14.7020
     -5.7988    -16.5341      5.5766    -14.6389
     -5.7714    -19.6663      4.3563    -14.5758
     -5.7440    -16.5158      2.8247    -14.5126
     -5.7166    -11.5518      0.1029    -14.4494
     -5.6893    -10.9116      2.0183    -14.3861
     -5.6619    -12.0729      0.9833    -14.3227
     -5.6345    -15.2063      0.5177    -14.2593
     -5.6071    -18.1455      0.9541    -14.1958
     -5.5797    -17.5237      0.1772    -14.1323
     -5.5524    -12.9263      1.3856    -14.0687
     -5.5250    -13.6610      3.5598    -14.0050
     -5.4976    -17.1192      0.2832    -13.9413
     -5.4702    -15.5850      0.7611    -13.8776
     -5.4428    -15.1719      3.4938    -13.8137
     -5.4155    -12.5841      3.4279    -13.7499
     -5.3881    -11.0568      2.2268    -13.6859
     -5.3607     -9.5498      0.8491    -13.6219
     -5.3333    -10.2927      2.1765    -13.5579
     -5.3060    -14.2453      0.7778    -13.4938
     -5.2786    -15.5619      2.1129    -13.4296
     -5.2512    -12.8138      3.9672    -13.3654
     -5.2238    -12.7464      2.4662    -13.3011
     -5.1964    -10.3157      0.8914    -13.2368
     -5.1691     -9.9278      0.6365    -13.1724
     -5.1417    -10.1648      0.2086    -13.1080
     -5.1143    -16.7229      1.8965    -13.0435
     -5.0869    -16.9406      1.8937    -12.9789
     -5.0595    -12.4100      3.0569    -12.9143
     -5.0322     -8.8964      0.8714    -12.8497
     -5.0048     -9.9061      1.1645    -12.7849
     -4.9774    -10.6555      3.3259    -12.7201
     -4.9500    -11.9538      4.1688    -12.6553
     -4.9227     -8.9906      1.1095    -12.5904
     -4.8953     -8.7488      0.4890    -12.5255
     -4.8679     -9.6064      0.2125    -12.4605
     -4.8405     -7.7702      1.7783    -12.3954
     -4.8131     -4.9689      2.6590    -12.3303
     -4.7858     -6.4010      1.9651    -12.2651
     -4.7584    -12.7953      0.0919    -12.1998
     -4.7310     -8.5624      1.0627    -12.1346
     -4.7036     -6.1309      0.3274    -12.0692
     -4.6762     -8.6599      0.7292    -12.0038
     -4.6489    -12.5318      1.5269    -11.9383
     -4.6215    -12.3543      1.2034    -11.8728
     -4.5941     -8.7550      1.2342    -11.8072
     -4.5667     -5.3591      0.2754    -11.7416
     -4.5394     -8.1965      0.9805    -11.6759
     -4.5120    -12.0137      1.9771    -11.6102
     -4.4846    -13.9632      3.9952    -11.5444
     -4.4572    -13.7041      3.5868    -11.4785
     -4.4298    -11.8850      1.5099    -11.4126
     -4.4025     -7.0258      3.6212    -11.3466
     -4.3751     -7.7461      1.5447    -11.2806
     -4.3477    -12.0598      1.6558    -11.2145
     -4.3203    -10.8731      3.3337    -11.1483
     -4.2930     -6.7710      3.5791    -11.0821
     -4.2656     -3.8664      1.6543    -11.0159
     -4.2382     -8.0358      0.2020    -10.9496
     -4.2108     -8.5668      1.0059    -10.8832
     -4.1834    -11.2461      2.9091    -10.8168
     -4.1561    -12.8937      1.0027    -10.7503
     -4.1287    -11.8286      0.3026    -10.6837
     -4.1013     -7.6729      1.6363    -10.6172
     -4.0739     -9.3574      1.6632    -10.5505
     -4.0465     -5.4977      1.0724    -10.4838
     -4.0192     -4.4392      3.1599    -10.4170
     -3.9918     -7.2141      4.1979    -10.3502
     -3.9644     -8.7540      3.7143    -10.2833
     -3.9370    -12.1060      1.9130    -10.2164
     -3.9097     -9.0784      3.0308    -10.1494
     -3.8823     -5.5421      2.2863    -10.0823
     -3.8549     -6.9466      1.9295    -10.0152
     -3.8275    -10.0950      1.3793     -9.9481
     -3.8001    -13.0090      2.1471     -9.8808
     -3.7728    -10.7064      3.4786     -9.8136
     -3.7454     -6.9395      2.0242     -9.7462
     -3.7180     -7.9436      1.0400     -9.6788
     -3.6906     -6.4307      3.0234     -9.6114
     -3.6632     -5.2858      3.3533     -9.5439
     -3.6359     -4.0911      2.1384     -9.4763
     -3.6085     -4.4150      0.2455     -9.4087
     -3.5811     -5.1731      1.9749     -9.3410
     -3.5537     -7.6808      1.4639     -9.2733
     -3.5264     -7.8322      4.2821     -9.2055
     -3.4990     -7.4844      3.4680     -9.1376
     -3.4716     -6.3982      1.2638     -9.0697
     -3.4442     -3.4520      0.1995     -9.0018
     -3.4168     -3.4541      0.8034     -8.9338
     -3.3895     -6.9916      0.6066     -8.8657
     -3.3621    -12.2855      0.6405     -8.7976
     -3.3347    -14.7834      1.5577     -8.7294
     -3.3073    -11.6630      0.7388     -8.6611
     -3.2799     -3.7485      1.1466     -8.5928
     -3.2526     -0.3956      1.2534     -8.5245
     -3.2252     -4.1711      2.6445     -8.4561
     -3.1978     -1.0507      5.4060     -8.3876
     -3.1704      0.7606      3.5270     -8.3191
     -3.1431     -0.8518      3.2680     -8.2505
     -3.1157     -5.3404      2.6855     -8.1818
     -3.0883     -6.6511      0.1837     -8.1131
     -3.0609     -9.0380      0.4484     -8.0444
     -3.0335    -11.3892      2.8276     -7.9756
     -3.0062     -9.5977      4.4847     -7.9067
     -2.9788     -6.4866      2.1829     -7.8378
     -2.9514     -6.8721      0.6613     -7.7688
     -2.9240     -7.9265      1.5637     -7.6998
     -2.8966    -11.2281      4.7988     -7.6307
     -2.8693     -5.3774      4.3123     -7.5615
     -2.8419     -8.5562      0.3959     -7.4923
     -2.8145     -8.6976      2.6223     -7.4231
     -2.7871     -7.8957      3.9642     -7.3537
     -2.7598     -6.5170      2.2036     -7.2844
     -2.7324     -7.9287      0.3634     -7.2149
     -2.7050    -12.4469      1.8861     -7.1454
     -2.6776     -9.9749      1.5579     -7.0759
     -2.6502     -6.6390      3.3410     -7.0063
     -2.6229     -6.3559      2.9465     -6.9366
     -2.5955     -4.9298      1.0306     -6.8669
     -2.5681     -4.2183      0.6242     -6.7971
     -2.5407     -7.5191      3.2457     -6.7273
     -2.5133     -7.0202      0.1645     -6.6574
     -2.4860     -2.9507      0.2932     -6.5875
     -2.4586     -0.6533      2.3234     -6.5175
     -2.4312     -2.3556      0.8964     -6.4474
     -2.4038     -2.3313      0.7017     -6.3773
     -2.3765     -4.6563      0.7723     -6.3071
     -2.3491     -3.1713      0.1572     -6.2369
     -2.3217     -0.4471      0.3383     -6.1666
     -2.2943      2.9265      0.2428     -6.0963
     -2.2669      1.7398      1.2610     -6.0259
     -2.2396      1.0165      1.6318     -5.9554
     -2.2122     -1.9687      1.7931     -5.8849
     -2.1848     -2.3655      0.3090     -5.8143
     -2.1574      1.5130      0.5353     -5.7437
     -2.1300     -3.1177      0.9942     -5.6730
     -2.1027     -6.5386      0.2843     -5.6023
     -2.0753     -8.2020      1.4741     -5.5315
     -2.0479     -9.8181      2.2065     -5.4606
     -2.0205     -5.9511      0.5060     -5.3897
     -1.9932     -4.4886      1.1060     -5.3187
     -1.9658     -2.5338      1.2167     -5.2477
     -1.9384     -1.3453      0.5909     -5.1766
     -1.9110     -5.3676      1.0147     -5.1055
     -1.8836     -5.0846      0.7733     -5.0343
     -1.8563     -1.8852      1.1270     -4.9631
     -1.8289     -2.4000      2.0076     -4.8918
     -1.8015     -0.2838      0.4491     -4.8204
     -1.7741     -0.7541      2.0745     -4.7490
     -1.7467     -2.7128      3.8509     -4.6775
     -1.7194     -1.6680      3.3681     -4.6060
     -1.6920      0.6814      0.7878     -4.5344
     -1.6646      0.9445      0.0608     -4.4627
     -1.6372     -0.4321      1.8696     -4.3910
     -1.6099     -5.0976      6.2825     -4.3193
     -1.5825     -7.8496      3.1060     -4.2474
     -1.5551     -6.7336      1.8900     -4.1756
     -1.5277     -3.5363      1.4406     -4.1036
     -1.5003      1.3880      0.6546     -4.0316
     -1.4730     -0.8722      0.5064     -3.9596
     -1.4456     -5.2461      1.3248     -3.8875
     -1.4182     -2.6973      3.6914     -3.8153
     -1.3908     -2.2739      4.3744     -3.7431
     -1.3634     -1.9174      3.0839     -3.6709
     -1.3361     -2.2865      0.3570     -3.5985
     -1.3087     -3.4805      0.9373     -3.5261
     -1.2813     -5.9935      4.4896     -3.4537
     -1.2539     -8.1006      2.6679     -3.3812
     -1.2266     -8.9373      0.8718     -3.3087
     -1.1992     -4.4748      3.1348     -3.2360
     -1.1718     -1.8192      0.2255     -3.1634
     -1.1444     -4.4655      1.8192     -3.0906
     -1.1170     -9.3811      2.7968     -3.0179
     -1.0897    -11.1113      3.5862     -2.9450
     -1.0623     -6.2081      2.2429     -2.8721
     -1.0349     -6.2779      0.5208     -2.7992
     -1.0075     -4.8745      2.1084     -2.7262
     -0.9802     -5.2053      0.0347     -2.6531
     -0.9528     -7.0408      0.6546     -2.5800
     -0.9254    -10.1899      1.3928     -2.5068
     -0.8980     -5.9648      0.2043     -2.4336
     -0.8706      0.9422      5.1782     -2.3603
     -0.8433     -3.0261      4.2871     -2.2869
     -0.8159     -6.6982      3.1111     -2.2135
     -0.7885     -6.9068      0.0804     -2.1401
     -0.7611     -3.4753      1.4672     -2.0665
     -0.7337     -4.3865      2.0840     -1.9930
     -0.7064     -2.6860      2.1412     -1.9193
     -0.6790     -2.8969      0.1868     -1.8456
     -0.6516     -3.7778      1.1762     -1.7719
     -0.6242     -4.8362      4.4938     -1.6981
     -0.5969     -3.9300      4.8263     -1.6242
     -0.5695     -5.0123      0.4499     -1.5503
     -0.5421     -4.8315      0.1809     -1.4763
     -0.5147     -3.2620      2.0594     -1.4023
     -0.4873     -2.4608      0.5685     -1.3282
     -0.4600     -4.2462      1.7708     -1.2541
     -0.4326     -3.9160      1.3828     -1.1799
     -0.4052     -3.9889      1.5652     -1.1056
     -0.3778     -1.4153      0.3585     -1.0313
     -0.3504      0.6265      0.0562     -0.9569
     -0.3231     -3.9906      2.3216     -0.8825
     -0.2957     -4.1409      1.2950     -0.8080
     -0.2683     -2.3293      1.3324     -0.7335
     -0.2409      0.8105      0.6376     -0.6589
     -0.2136      2.5274      1.1960     -0.5842
     -0.1862     -0.1545      0.6442     -0.5095
     -0.1588     -3.2466      2.1130     -0.4348
     -0.1314     -5.0979      3.1931     -0.3599
     -0.1040     -2.3444      3.7365     -0.2851
     -0.0767      0.1047      3.7722     -0.2101
     -0.0493      3.4699      0.6457     -0.1351
     -0.0219      2.8849      1.3767     -0.0601
      0.0055      1.0247      0.8232      0.0150
      0.0329      0.1832      2.1984      0.0902
      0.0602     -1.2741      2.3725      0.1654
      0.0876     -1.1054      4.0180      0.2407
      0.1150     -3.0540      4.1191      0.3160
      0.1424     -2.8454      3.2341      0.3914
      0.1697     -0.7231      2.6298      0.4669
      0.1971     -2.5077      2.9046      0.5424
      0.2245      0.9574      0.7896      0.6179
      0.2519     -0.6857      3.0200      0.6935
      0.2793     -3.3838      4.8641      0.7692
      0.3066     -4.8343      3.3585      0.8450
      0.3340     -6.3216      2.0409      0.9207
      0.3614     -5.0952      3.1408      0.9966
      0.3888     -4.2930      1.8497      1.0725
      0.4162     -3.3955      2.6720      1.1484
      0.4435     -0.9088      1.8295      1.2245
      0.4709     -0.9209      2.2054      1.3005
      0.4983     -1.9119      3.7743      1.3767
      0.5257     -2.1492      0.9381      1.4529
      0.5530     -2.9337      2.5656      1.5291
      0.5804     -1.0000      2.2892      1.6054
      0.6078      0.1807      2.5487      1.6817
      0.6352     -0.8385      2.6748      1.7582
      0.6626     -4.0624      2.9099      1.8346
      0.6899     -4.5894      3.3221      1.9112
      0.7173     -1.2039      3.8539      1.9877
      0.7447      1.8151      4.9378      2.0644
      0.7721      2.1411      2.7544      2.1411
      0.7995     -1.3304      1.6799      2.2178
      0.8268      1.5252      4.3427      2.2946
      0.8542     -0.3583      1.4007      2.3715
      0.8816     -0.1995      0.7749      2.4484
      0.9090      0.1130      2.6347      2.5254
      0.9363     -3.3995      4.7160      2.6024
      0.9637     -2.2516      2.3231      2.6795
      0.9911      1.2511      0.9088      2.7567
      1.0185      1.5786      0.8425      2.8339
      1.0459     -0.9876      3.4216      2.9112
      1.0732      2.4086      3.9802      2.9885
      1.1006      0.8839      3.2235      3.0659
      1.1280     -2.1290      0.4503      3.1433
      1.1554     -0.5277      0.6398      3.2208
      1.1828      4.9283      0.3273      3.2983
      1.2101      4.1337      0.2965      3.3759
      1.2375      3.9987      2.8645      3.4536
      1.2649     -0.4829      4.7584      3.5313
      1.2923     -0.0792      2.2570      3.6091
      1.3196     -0.1584      0.8147      3.6869
      1.3470      1.3094      0.8439      3.7648
      1.3744      2.4334      2.5694      3.8427
      1.4018      0.0497      4.9632      3.9207
      1.4292      0.0539      3.2933      3.9988
      1.4565      0.1852      0.7698      4.0769
      1.4839      4.5149      0.1283      4.1551
      1.5113      5.8984      0.9721      4.2333
      1.5387      6.3900      3.4605      4.3116
      1.5661      4.2361      2.8791      4.3899
      1.5934      6.3093      1.4026      4.4683
      1.6208      1.6125      0.6111      4.5468
      1.6482      0.1709      0.4126      4.6253
      1.6756      3.9181      0.1673      4.7039
      1.7029      9.5447      1.9146      4.7825
      1.7303      7.2577      3.5960      4.8612
      1.7577      5.7264      1.7938      4.9399
      1.7851      1.3273      1.0349      5.0187
      1.8125      1.5606      2.9261      5.0976
      1.8398      6.7320      2.3186      5.1765
      1.8672      8.8646      0.8101      5.2554
      1.8946      6.5468      2.4415      5.3345
      1.9220      5.8709      0.8622      5.4135
      1.9493      3.0221      1.1755      5.4927
      1.9767      4.1040      1.9628      5.5719
      2.0041      7.4550      2.1619      5.6511
      2.0315      5.0425      2.0881      5.7304
      2.0589      4.8236      1.3445      5.8098
      2.0862      7.6473      1.3853      5.8892
      2.1136      7.5744      3.1419      5.9687
      2.1410      9.0654      2.5501      6.0482
      2.1684      9.0395      0.4543      6.1278
      2.1958      6.9823      2.2908      6.2074
      2.2231      6.2124      2.2795      6.2871
      2.2505      6.3507      1.2046      6.3669
      2.2779      6.5360      2.6422      6.4467
      2.3053      4.5451      2.1438      6.5266
      2.3326      7.4296      0.7560      6.6065
      2.3600      7.3390      1.5654      6.6865
      2.3874      7.0849      1.6802      6.7666
      2.4148      5.5093      1.6668      6.8467
      2.4422      4.2857      1.8123      6.9268
      2.4695      8.2520      1.4047      7.0070
      2.4969     10.6166      2.5330      7.0873
      2.5243      8.4900      2.4565      7.1676
      2.5517     10.6863      2.2137      7.2480
      2.5791      8.5844      2.8102      7.3284
      2.6064      8.8862      2.6650      7.4089
      2.6338      9.5189      2.5110      7.4895
      2.6612     10.0344      2.4172      7.5701
      2.6886      8.3140      2.8215      7.6508
      2.7159      7.9512      1.9294      7.7315
      2.7433      6.3754      1.9655      7.8123
      2.7707      5.9202      2.7301      7.8931
      2.7981     12.5962      0.8424      7.9740
      2.8255     12.3567      1.9262      8.0550
      2.8528      9.9303      2.2951      8.1360
      2.8802     10.6232      1.3711      8.2170
      2.9076     12.4250      0.6059      8.2982
      2.9350     13.7447      1.4671      8.3793
      2.9624     13.2755      1.5889      8.4606
      2.9897     12.7854      2.3059      8.5419
      3.0171     13.0723      2.2165      8.6232
      3.0445     12.1082      1.1126      8.7046
      3.0719     14.7504      1.9117      8.7861
      3.0992     14.6861      1.0613      8.8676
      3.1266     13.8180      0.8648      8.9492
      3.1540     13.8026      1.9086      9.0308
      3.1814     13.2391      2.7214      9.1125
      3.2088     13.3406      0.8738      9.1942
      3.2361     12.1058      0.7003      9.2760
      3.2635     12.8348      0.8627      9.3579
      3.2909     13.7355      1.8899      9.4398
      3.3183     13.0679      2.8243      9.5218
      3.3457     14.3833      3.2223      9.6038
      3.3730     13.4773      2.9255      9.6859
      3.4004     14.4498      1.7969      9.7680
      3.4278     13.6089      1.9293      9.8502
      3.4552     13.9691      2.0851      9.9325
      3.4825     13.2709      2.7333     10.0148
      3.5099     11.3679      1.9094     10.0972
      3.5373     12.6273      0.8914     10.1796
      3.5647     11.6467      2.4101     10.2621
      3.5921     11.9473      0.7718     10.3446
      3.6194     11.9385      1.2861     10.4272
      3.6468     13.2296      2.3993     10.5099
      3.6742     14.4318      1.6511     10.5926
      3.7016     11.9123      1.6128     10.6754
      3.7290     11.3810      2.7560     10.7582
      3.7563     12.5283      1.6707     10.8411
      3.7837     13.2534      1.0658     10.9240
      3.8111     12.8191      2.7207     11.0070
      3.8385     12.0809      3.9717     11.0900
      3.8658     11.9811      0.8567     11.1731
      3.8932     13.1179      2.4646     11.2563
      3.9206     16.2262      3.1688     11.3395
      3.9480     15.0908      1.7438     11.4228
      3.9754     15.0471      2.6163     11.5061
      4.0027     12.3917      1.2135     11.5895
      4.0301     14.2270      2.0730     11.6730
      4.0575     15.2077      3.5539     11.7565
      4.0849     13.6125      1.0788     11.8400
      4.1123     13.1711      2.6479     11.9237
      4.1396     13.6812      1.4412     12.0073
      4.1670     15.4606      1.5311     12.0911
      4.1944     13.2766      0.9207     12.1748
      4.2218     13.3246      0.6633     12.2587
      4.2491     16.6736      1.5035     12.3426
      4.2765     16.4789      2.8206     12.4265
      4.3039     17.4886      3.9127     12.5106
      4.3313     14.5977      3.2209     12.5946
      4.3587     14.2685      1.4389     12.6788
      4.3860     13.7655      0.9866     12.7629
      4.4134     15.2679      2.2520     12.8472
      4.4408     13.9394      1.9184     12.9315
      4.4682     16.9872      2.3196     13.0158
      4.4956     15.6434      1.2093     13.1003
      4.5229     13.8548      2.4549     13.1847
      4.5503     12.4160      2.4058     13.2692
      4.5777     10.7433      1.0792     13.3538
      4.6051     14.1025      2.3023     13.4385
      4.6324     15.4220      3.2283     13.5232
      4.6598     13.9800      1.6570     13.6079
      4.6872     14.1557      3.1194     13.6927
      4.7146     15.2676      2.6654     13.7776
      4.7420     12.3958      1.8634     13.8625
      4.7693     16.4140      1.4003     13.9475
      4.7967     15.9365      1.3284     14.0325
      4.8241     14.4858      1.9217     14.1176
      4.8515     14.9058      3.1755     14.2028
      4.8789     14.5884      2.4110     14.2880
      4.9062     11.8245      0.9372     14.3732
      4.9336     15.9111      1.6789     14.4586
      4.9610     16.1445      0.4672     14.5439
      4.9884     16.9386      3.5313     14.6294
      5.0157     11.8584      4.8087     14.7149
      5.0431     13.5558      4.0822     14.8004
      5.0705     17.5195      1.3794     14.8860
      5.0979     20.1288      1.6213     14.9717
      5.1253     18.3562      1.5579     15.0574
      5.1526     16.6553      3.4462     15.1431
      5.1800     19.6716      4.0554     15.2290
      5.2074     17.2331      2.8423     15.3149
      5.2348     15.2094      2.1247     15.4008
      5.2621     18.5704      1.3794     15.4868
      5.2895     20.5798      1.3868     15.5729
      5.3169     16.0451      3.2525     15.6590
      5.3443     16.8015      2.9374     15.7452
      5.3717     18.9271      2.1937     15.8314
      5.3990     18.2049      1.2132     15.9177
      5.4264     17.4247      1.9070     16.0040
      5.4538     16.8893      2.8218     16.0904
      5.4812     15.3729      4.3633     16.1769
      5.5086     15.8007      4.9287     16.2634
      5.5359     17.6234      3.3888     16.3499
      5.5633     18.3735      1.0791     16.4366
      5.5907     18.5900      0.2674     16.5232
      5.6181     17.4442      1.2904     16.6100
      5.6454     15.4917      2.9114     16.6968
      5.6728     16.0003      3.2110     16.7836
      5.7002     18.4159      1.9872     16.8705
      5.7276     18.2361      2.3729     16.9575
      5.7550     17.4597      2.2775     17.0445
      5.7823     18.2636      2.7853     17.1316
      5.8097     19.0590      2.8333     17.2187
      5.8371     19.6630      2.1039     17.3059
      5.8645     21.7195      2.0967     17.3932
      5.8919     20.5930      1.4950     17.4805
      5.9192     20.0506      1.1386     17.5678
      5.9466     19.5474      1.9898     17.6552
      5.9740     20.3410      2.4498     17.7427
      6.0014     21.4108      2.3482     17.8303
      6.0287     19.2914      1.5635     17.9178
      6.0561     18.6589      2.1634     18.0055
      6.0835     19.6682      1.3513     18.0932
      6.1109     20.1108      1.3086     18.1809
      6.1383     18.4063      2.1992     18.2688
      6.1656     20.3015      1.3761     18.3566
      6.1930     19.8087      0.9392     18.4446
      6.2204     16.8436      1.2579     18.5326
      6.2478     18.7957      1.9751     18.6206
      6.2752     19.5392      0.4657     18.7087
      6.3025     19.7204      0.6596     18.7968
      6.3299     19.7361      0.6815     18.8851
      6.3573     21.1099      0.2221     18.9733
      6.3847     24.0995      1.3258     19.0617
      6.4120     23.4915      0.8356     19.1500
      6.4394     22.5897      0.3961     19.2385
      6.4668     22.0772      0.8968     19.3270
      6.4942     20.4156      3.2286     19.4155
      6.5216     21.4442      3.3784     19.5041
      6.5489     20.1884      3.6718     19.5928
      6.5763     19.9871      3.4498     19.6815
      6.6037     17.3555      0.8003     19.7703
      6.6311     17.5560      1.1342     19.8591
      6.6585     18.8031      2.5799     19.9480
      6.6858     18.9188      3.4007     20.0370
      6.7132     20.4358      2.1473     20.1260
      6.7406     20.0222      2.1832     20.2151
      6.7680     20.5158      2.2259     20.3042
      6.7953     21.5435      1.1097     20.3934
      6.8227     19.9639      2.2022     20.4826
      6.8501     20.2601      2.0677     20.5719
      6.8775     20.6213      0.2058     20.6612
      6.9049     19.0194      1.1637     20.7506
      6.9322     20.9720      2.0439     20.8401
      6.9596     21.4535      2.0186     20.9296
      6.9870     20.4083      2.0325     21.0192
      7.0144     20.3800      0.2650     21.1088
      7.0418     19.7337      1.2371     21.1985
      7.0691     20.1315      0.3908     21.2882
      7.0965     18.5123      2.0759     21.3780
      7.1239     17.3118      2.4269     21.4679
      7.1513     19.8085      1.0964     21.5578
      7.1786     19.7537      0.2654     21.6478
      7.2060     19.4922      1.3501     21.7378
      7.2334     18.8458      2.9334     21.8279
      7.2608     21.4914      2.7687     21.9180
      7.2882     22.8742      1.5875     22.0082
      7.3155     23.3283      0.6017     22.0985
      7.3429     20.4407      1.0250     22.1888
      7.3703     22.9123      0.3833     22.2792
      7.3977     23.5157      1.0250     22.3696
      7.4251     21.1323      1.7192     22.4601
      7.4524     19.0503      0.3144     22.5506
      7.4798     19.1625      0.3555     22.6412
      7.5072     21.0786      1.5294     22.7319
      7.5346     19.1856      0.4050     22.8226
      7.5619     17.6013      0.6171     22.9133
      7.5893     18.2479      1.3558     23.0042
      7.6167     20.3419      1.9854     23.0950
      7.6441     19.0191      0.9336     23.1860
      7.6715     17.0463      1.0109     23.2770
      7.6988     17.3286      0.6768     23.3680
      7.7262     21.3118      1.2646     23.4591
      7.7536     21.6711      0.6586     23.5503
      7.7810     19.8669      0.9149     23.6415
      7.8084     20.1639      0.4011     23.7328
      7.8357     19.3233      0.9824     23.8241
      7.8631     21.7564      0.3920     23.9155
      7.8905     25.8339      1.2251     24.0070
      7.9179     25.3102      1.1535     24.0985
      7.9452     23.1706      1.2868     24.1900
      7.9726     19.7829      0.3916     24.2816
      8.0000     22.1424      0.4296     24.3733
      8.0274     23.7340      0.8958     24.4650
      8.0548     26.4250      0.6962     24.5568
      8.0821     25.5501      0.2797     24.6487
      8.1095     24.7930      1.1951     24.7406
      8.1369     25.7404      1.1653     24.8325
      8.1643     23.6705      1.6146     24.9245
      8.1916     25.9296      0.6240     25.0166
      8.2190     27.6254      2.0275     25.1087
      8.2464     25.2961      0.8628     25.2009
      8.2738     24.7853      1.3268     25.2932
      8.3012     25.6633      1.0629     25.3855
      8.3285     25.2803      1.2878     25.4778
      8.3559     24.9062      0.5521     25.5702
      8.3833     28.5225      0.4935     25.6627
      8.4107     28.5224      0.0258     25.7552
      8.4381     27.6844      1.2690     25.8478
      8.4654     27.3860      1.7926     25.9404
      8.4928     27.7415      0.4063     26.0331
      8.5202     28.2621      0.5448     26.1259
      8.5476     27.5243      0.7499     26.2187
      8.5749     26.0667      0.7820     26.3115
      8.6023     24.4651      0.2369     26.4045
      8.6297     25.3299      2.3866     26.4974
      8.6571     24.1873      1.4803     26.5905
      8.6845     24.8639      1.0187     26.6836
      8.7118     23.8822      0.8580     26.7767
      8.7392     25.3789      0.8314     26.8699
      8.7666     26.3199      1.0844     26.9632
      8.7940     26.6237      1.4825     27.0565
      8.8214     26.9763      1.4243     27.1499
      8.8487     25.9859      0.7524     27.2433
      8.8761     27.0628      0.4745     27.3368
      8.9035     28.2364      0.5668     27.4303
      8.9309     29.5365      0.1400     27.5239
      8.9582     26.5950      1.0671     27.6176
      8.9856     26.3564      1.2111     27.7113
      9.0130     27.6933      0.8568     27.8051
      9.0404     27.6301      0.1139     27.8989
      9.0678     27.1727      0.0860     27.9928
      9.0951     26.2860      0.3876     28.0867
      9.1225     26.1701      2.1438     28.1807
      9.1499     27.1099      0.4572     28.2748
      9.1773     29.3168      1.0178     28.3689
      9.2047     30.3594      1.2232     28.4631
      9.2320     30.2423      1.0032     28.5573
      9.2594     29.2611      0.5274     28.6516
      9.2868     28.1840      0.6910     28.7459
      9.3142     29.1423      0.3701     28.8403
      9.3415     30.1179      1.3781     28.9348
      9.3689     27.1364      1.2486     29.0293
      9.3963     27.0480      0.9946     29.1239
      9.4237     26.9228      1.2850     29.2185
      9.4511     29.2136      2.0554     29.3132
      9.4784     27.6975      2.0345     29.4079
      9.5058     26.7682      2.1644     29.5027
      9.5332     26.5932      2.1221     29.5975
      9.5606     30.1696      1.1365     29.6924
      9.5880     30.7530      0.4741     29.7874
      9.6153     29.4138      0.6249     29.8824
      9.6427     28.8845      0.7689     29.9775
      9.6701     30.6385      0.4357     30.0726
      9.6975     32.5564      0.5125     30.1678
      9.7248     33.0474      0.4470     30.2631
      9.7522     33.3552      1.6556     30.3584
      9.7796     32.5409      1.2492     30.4537
      9.8070     31.4615      0.6313     30.5492
      9.8344     32.7178      0.3946     30.6446
      9.8617     30.2883      0.4484     30.7402
      9.8891     30.7803      0.3515     30.8358
      9.9165     31.8108      0.7196     30.9314
      9.9439     31.1601      1.1593     31.0271
      9.9713     32.8457      0.8910     31.1229
      9.9986     32.3340      0.4299     31.2187
     10.0260     32.3134      1.1129     31.3145
     10.0534     30.8850      1.1702     31.4105
     10.0808     28.3218      1.7837     31.5065
     10.1081     30.4246      1.7933     31.6025
     10.1355     32.9839      0.6924     31.6986
     10.1629     36.1155      1.4831     31.7948
     10.1903     33.5118      1.4273     31.8910
     10.2177     31.2819      1.5724     31.9872
     10.2450     30.9835      1.1226     32.0836
     10.2724     32.3410      1.2979     32.1799
     10.2998     34.0830      1.0741     32.2764
     10.3272     32.5381      1.5521     32.3729
     10.3546     31.7470      1.3735     32.4694
     10.3819     33.9793      1.4471     32.5660
     10.4093     34.1658      1.8504     32.6627
     10.4367     34.4416      1.0745     32.7594
     10.4641     34.9710      1.0532     32.8562
     10.4914     34.2385      1.3375     32.9530
     10.5188     34.2775      1.8272     33.0499
     10.5462     35.0883      1.7459     33.1469
     10.5736     33.9522      1.1936     33.2439
     10.6010     33.1232      1.0887     33.3409
     10.6283     33.1426      0.7731     33.4381
     10.6557     30.1689      0.7566     33.5352
     10.6831     29.4433      0.3844     33.6325
     10.7105     30.1236      1.0884     33.7298
     10.7379     29.3450      1.3345     33.8271
     10.7652     29.8424      1.6584     33.9245
     10.7926     31.3410      0.5458     34.0220
     10.8200     32.5102      1.0632     34.1195
     10.8474     31.3283      1.1060     34.2171
     10.8747     30.3138      1.0092     34.3147
     10.9021     28.0394      1.5921     34.4124
     10.9295     28.0257      0.8324     34.5101
     10.9569     28.5323      0.6457     34.6079
     10.9843     30.5479      0.2247     34.7058
     11.0116     28.6545      0.6928     34.8037
     11.0390     28.0435      1.2539     34.9017
     11.0664     29.7719      1.3436     34.9997
     11.0938     28.3540      1.1534     35.0978
     11.1211     26.9778      1.0731     35.1959
     11.1485     27.5634      0.8672     35.2941
     11.1759     27.9289      0.7563     35.3924
     11.2033     27.0507      1.1114     35.4907
     11.2307     26.4706      0.5260     35.5890
     11.2580     27.8355      2.2076     35.6875
     11.2854     29.4196      2.6121     35.7859
     11.3128     28.1279      1.7988     35.8845
     11.3402     26.5565      1.5576     35.9831
     11.3676     28.3151      1.7946     36.0817
     11.3949     29.7744      1.5192     36.1804
     11.4223     30.0747      0.7137     36.2792
     11.4497     30.2648      0.0786     36.3780
     11.4771     31.3178      0.6981     36.4769
     11.5044     30.5504      0.6267     36.5758
     11.5318     29.6087      1.1349     36.6748
     11.5592     28.8632      0.4430     36.7739
     11.5866     29.6539      0.8325     36.8730
     11.6140     30.6180      1.4488     36.9721
     11.6413     32.2503      0.5380     37.0714
     11.6687     32.4894      0.7059     37.1706
     11.6961     29.8085      1.3155     37.2700
     11.7235     29.9377      0.7718     37.3694
     11.7509     31.3868      1.0668     37.4688
     11.7782     33.8386      0.5801     37.5683
     11.8056     32.8127      1.4021     37.6679
     11.8330     30.1480      0.6080     37.7675
     11.8604     29.5936      1.5670     37.8672
     11.8877     30.4614      0.9296     37.9669
     11.9151     32.3157      1.2045     38.0667
     11.9425     33.6032      1.2024     38.1665
     11.9699     35.1622      1.3154     38.2664
     11.9973     35.1829      1.4568     38.3664
     12.0246     36.0930      1.7318     38.4664
     12.0520     36.5066      1.1323     38.5664
     12.0794     36.5437      1.4744     38.6666
     12.1068     36.3704      1.2679     38.7668
     12.1342     36.9763      1.1184     38.8670
     12.1615     37.0872      0.1126     38.9673
     12.1889     37.4352      0.3530     39.0676
     12.2163     38.3520      0.2180     39.1681
     12.2437     38.9680      1.4426     39.2685
     12.2710     37.3263      0.8666     39.3690
     12.2984     38.7250      1.7504     39.4696
     12.3258     38.4871      1.1718     39.5703
     12.3532     39.4233      0.6821     39.6710
     12.3806     39.5322      0.4594     39.7717
     12.4079     39.1365      0.2895     39.8725
     12.4353     40.6265      0.4799     39.9734
     12.4627     41.5209      0.1235     40.0743
     12.4901     40.2765      0.7271     40.1753
     12.5175     41.0535      1.4743     40.2763
     12.5448     43.4276      1.4695     40.3774
     12.5722     43.4654      0.8558     40.4785
     12.5996     43.3492      0.2067     40.5797
     12.6270     41.4609      0.5328     40.6810
     12.6543     40.7182      0.7186     40.7823
     12.6817     41.0505      0.5587     40.8837
     12.7091     42.3834      0.6478     40.9851
     12.7365     42.9329      1.1404     41.0866
     12.7639     43.5656      0.3734     41.1882
     12.7912     43.1814      0.8065     41.2898
     12.8186     41.9696      1.0512     41.3914
     12.8460     43.3197      0.9516     41.4931
     12.8734     43.4191      0.9847     41.5949
     12.9008     42.8778      0.3665     41.6967
     12.9281     43.5744      0.7552     41.7986
     12.9555     42.8882      0.8311     41.9006
     12.9829     42.0084      1.0356     42.0026
     13.0103     43.4120      0.3191     42.1046
     13.0376     43.3173      0.4728     42.2067
     13.0650     45.1264      0.8402     42.3089
     13.0924     45.5605      0.3954     42.4111
     13.1198     44.5429      0.7280     42.5134
     13.1472     44.2082      0.2716     42.6157
     13.1745     45.4056      0.7356     42.7181
     13.2019     46.2325      0.9826     42.8206
     13.2293     45.3726      1.0622     42.9231
     13.2567     45.2306      1.6221     43.0257
     13.2841     43.9890      2.5833     43.1283
     13.3114     43.1704      2.6773     43.2310
     13.3388     45.7514      1.8135     43.3337
     13.3662     45.8460      1.3172     43.4365
     13.3936     44.7148      1.2712     43.5393
     13.4209     43.6116      2.0269     43.6422
     13.4483     41.9862      2.7068     43.7452
     13.4757     42.2133      3.3537     43.8482
     13.5031     43.7760      1.2553     43.9513
     13.5305     43.3605      1.2258     44.0544
     13.5578     43.8820      0.5351     44.1576
     13.5852     43.7823      0.5968     44.2609
     13.6126     42.0702      1.4983     44.3642
     13.6400     40.1299      1.7517     44.4675
     13.6674     42.6097      0.7721     44.5710
     13.6947     41.2000      1.3578     44.6744
     13.7221     40.6992      1.2223     44.7780
     13.7495     41.5491      1.3721     44.8815
     13.7769     43.7556      1.6222     44.9852
     13.8042     44.8321      0.6394     45.0889
     13.8316     45.2552      0.9061     45.1926
     13.8590     44.1487      1.2714     45.2965
     13.8864     43.2040      0.7732     45.4003
     13.9138     41.9621      1.3131     45.5043
     13.9411     41.3508      1.4871     45.6082
     13.9685     43.0240      1.0232     45.7123
     13.9959     43.9410      0.8069     45.8164
     14.0233     43.5101      1.2794     45.9205
     14.0507     42.9983      1.0920     46.0247
     14.0780     43.6130      1.1795     46.1290
     14.1054     45.3204      0.7918     46.2333
     14.1328     47.1810      0.4244     46.3377
     14.1602     48.5664      2.1276     46.4421
     14.1875     48.2702      1.7143     46.5466
     14.2149     47.4164      1.8906     46.6512
     14.2423     47.6953      1.8350     46.7558
     14.2697     46.9785      1.0012     46.8605
     14.2971     46.8348      0.8805     46.9652
     14.3244     43.8498      1.2067     47.0700
     14.3518     43.7209      1.1548     47.1748
     14.3792     43.6667      0.5908     47.2797
     14.4066     44.6476      1.1502     47.3846
     14.4339     45.0454      1.3216     47.4896
     14.4613     46.7813      1.3379     47.5947
     14.4887     47.6106      0.9790     47.6998
     14.5161     48.1411      0.7347     47.8050
     14.5435     47.1138      1.3117     47.9102
     14.5708     45.9033      0.6734     48.0155
     14.5982     47.9039      0.8012     48.1209
     14.6256     47.9273      0.8246     48.2263
     14.6530     48.6194      0.4304     48.3317
     14.6804     47.8061      0.8574     48.4372
     14.7077     47.9636      0.4400     48.5428
     14.7351     47.3888      1.6253     48.6484
     14.7625     48.5356      0.9072     48.7541
     14.7899     50.0672      0.4201     48.8599
     14.8172     49.0700      1.0519     48.9657
     14.8446     47.6225      0.9551     49.0715
     14.8720     46.9547      0.7086     49.1774
     14.8994     45.8679      1.7414     49.2834
     14.9268     49.0439      1.8337     49.3894
     14.9541     54.0654      0.8804     49.4955
     14.9815     52.0198      1.2702     49.6017
     15.0089     48.3271      0.6790     49.7079
     15.0363     50.9643      0.2352     49.8141
     15.0637     52.3540      0.9824     49.9204
     15.0910     54.3301      0.8937     50.0268
     15.1184     54.6638      0.5868     50.1332
     15.1458     54.3718      0.7941     50.2397
     15.1732     53.1317      1.0421     50.3462
     15.2005     52.3707      0.5982     50.4528
     15.2279     53.8686      0.7339     50.5595
     15.2553     53.9617      1.3018     50.6662
     15.2827     53.7488      0.8382     50.7729
     15.3101     53.7048      1.0840     50.8798
     15.3374     53.6555      0.6002     50.9866
     15.3648     52.4260      0.6164     51.0936
     15.3922     52.2766      0.8912     51.2006
     15.4196     54.0015      0.8629     51.3076
     15.4470     53.9756      0.9641     51.4147
     15.4743     54.1582      0.9432     51.5219
     15.5017     55.0580      1.3757     51.6291
     15.5291     55.7925      1.0434     51.7364
     15.5565     55.1461      0.1976     51.8437
     15.5838     56.4829      0.8261     51.9511
     15.6112     55.5494      0.8301     52.0585
     15.6386     55.5388      1.9921     52.1660
     15.6660     58.7190      0.5858     52.2736
     15.6934     58.4970      0.7723     52.3812
     15.7207     57.6537      0.6220     52.4889
     15.7481     58.2974      0.8270     52.5966
     15.7755     57.8424      1.4904     52.7044
     15.8029     59.1261      1.3176     52.8122
     15.8303     59.5556      0.6965     52.9201
     15.8576     56.0557      0.9237     53.0281
     15.8850     56.5822      0.1591     53.1361
     15.9124     58.5725      0.4292     53.2442
     15.9398     58.3182      0.8851     53.3523
     15.9671     57.4735      1.1725     53.4605
     15.9945     55.2084      1.1753     53.5687
     16.0219     54.3618      1.5351     53.6770
     16.0493     59.3470      0.6998     53.7854
     16.0767     59.7096      0.6008     53.8938
     16.1040     59.9389      0.8288     54.0022
     16.1314     60.4413      1.0907     54.1107
     16.1588     60.0682      0.7149     54.2193
     16.1862     59.8964      1.4262     54.3280
     16.2136     60.6720      0.6801     54.4367
     16.2409     60.4826      0.7481     54.5454
     16.2683     58.7938      0.4736     54.6542
     16.2957     57.9558      0.7572     54.7631
     16.3231     57.3339      0.8316     54.8720
     16.3504     57.2288      0.6588     54.9810
     16.3778     57.0119      0.6678     55.0900
     16.4052     58.5132      0.7993     55.1991
     16.4326     59.5118      1.0953     55.3082
     16.4600     60.7126      1.0649     55.4174
     16.4873     59.5080      1.3367     55.5267
     16.5147     58.8171      0.8903     55.6360
     16.5421     57.9706      0.9512     55.7454
     16.5695     56.2564      0.8088     55.8548
     16.5969     56.4207      1.5035     55.9643
     16.6242     54.6047      0.8984     56.0739
     16.6516     56.4048      1.0350     56.1835
     16.6790     58.9996      0.9486     56.2931
     16.7064     58.3650      1.4378     56.4028
     16.7337     56.8072      0.9161     56.5126
     16.7611     54.4528      0.3957     56.6224
     16.7885     55.9785      0.5057     56.7323
     16.8159     58.2807      1.0374     56.8422
     16.8433     58.8376      0.7893     56.9522
     16.8706     59.5463      0.4226     57.0623
     16.8980     61.1657      0.9579     57.1724
     16.9254     60.4563      0.5472     57.2826
     16.9528     58.9210      0.7792     57.3928
     16.9802     58.7796      0.5887     57.5031
     17.0075     57.6201      1.0489     57.6134
     17.0349     59.1989      0.6525     57.7238
     17.0623     58.4204      0.9385     57.8343
     17.0897     56.4187      0.9165     57.9448
     17.1170     56.4376      0.3792     58.0553
     17.1444     56.8720      0.7772     58.1660
     17.1718     57.7868      0.8705     58.2766
     17.1992     58.3402      0.7432     58.3874
     17.2266     59.1808      1.3913     58.4982
     17.2539     59.1020      1.2877     58.6090
     17.2813     59.5411      0.8220     58.7199
     17.3087     59.1019      1.0069     58.8309
     17.3361     58.7160      0.5985     58.9419
     17.3634     57.8567      0.9475     59.0530
     17.3908     55.5245      1.2331     59.1641
     17.4182     56.8826      0.6859     59.2753
     17.4456     58.0243      0.9987     59.3865
     17.4730     58.6580      1.0623     59.4978
     17.5003     59.6409      0.9085     59.6092
     17.5277     59.1274      1.6313     59.7206
     17.5551     58.6728      0.9717     59.8321
     17.5825     60.6245      0.6005     59.9436
     17.6099     60.6597      0.8634     60.0552
     17.6372     60.3346      1.0998     60.1668
     17.6646     60.2033      0.8199     60.2785
     17.6920     61.1723      0.4042     60.3903
     17.7194     60.5771      0.4806     60.5021
     17.7467     58.6594      0.3601     60.6140
     17.7741     58.9819      1.1011     60.7259
     17.8015     60.3068      0.4012     60.8379
     17.8289     61.0067      0.5728     60.9499
     17.8563     61.7119      1.5703     61.0620
     17.8836     62.7266      0.7269     61.1742
     17.9110     63.3998      0.6203     61.2864
     17.9384     63.1844      0.6253     61.3987
     17.9658     63.0380      0.5843     61.5110
     17.9932     62.0745      0.9110     61.6234
     18.0205     62.2661      0.8783     61.7358
     18.0479     63.3120      0.5992     61.8483
     18.0753     63.9263      0.4841     61.9608
     18.1027     63.4101      0.4171     62.0734
     18.1300     60.8344      1.6219     62.1861
     18.1574     59.6871      1.3902     62.2988
     18.1848     62.1235      1.1003     62.4116
     18.2122     61.7846      1.0664     62.5244
     18.2396     60.6188      0.9607     62.6373
     18.2669     60.2451      1.6062     62.7503
     18.2943     61.7736      1.6146     62.8633
     18.3217     60.5773      1.7103     62.9763
     18.3491     60.8944      1.1952     63.0895
     18.3765     60.6120      0.9492     63.2026
     18.4038     60.4640      0.5646     63.3159
     18.4312     60.8814      0.6636     63.4292
     18.4586     60.8998      0.8470     63.5425
     18.4860     59.9925      0.6139     63.6559
     18.5133     61.9638      1.5925     63.7694
     18.5407     62.3487      1.0123     63.8829
     18.5681     61.4778      0.6464     63.9964
     18.5955     61.1530      0.5025     64.1101
     18.6229     61.7501      0.6947     64.2238
     18.6502     61.0780      0.8713     64.3375
     18.6776     61.7977      1.1579     64.4513
     18.7050     62.8240      1.0031     64.5651
     18.7324     63.6627      0.8818     64.6791
     18.7598     65.0339      0.8747     64.7930
     18.7871     63.9370      1.0775     64.9071
     18.8145     65.7773      1.1466     65.0211
     18.8419     65.5074      1.3451     65.1353
     18.8693     64.4509      1.1944     65.2495
     18.8966     62.7034      1.0776     65.3637
     18.9240     64.1594      1.3242     65.4780
     18.9514     64.0550      0.9421     65.5924
     18.9788     64.0420      0.8361     65.7068
     19.0062     64.5338      1.0825     65.8213
     19.0335     65.9559      1.1415     65.9358
     19.0609     67.0516      1.6084     66.0504
     19.0883     67.7907      1.4049     66.1651
     19.1157     67.5355      1.5369     66.2798
     19.1431     64.9555      2.4115     66.3945
     19.1704     65.2224      1.7679     66.5094
     19.1978     68.2645      1.3989     66.6242
     19.2252     69.2123      1.0689     66.7392
     19.2526     68.6302      1.2676     66.8542
     19.2799     67.1880      0.8748     66.9692
     19.3073     66.8711      0.8584     67.0843
     19.3347     67.8841      1.2626     67.1995
     19.3621     68.4061      0.7871     67.3147
     19.3895     67.5539      0.8721     67.4300
     19.4168     66.2422      0.7159     67.5453
     19.4442     68.0756      1.0952     67.6607
     19.4716     68.7012      1.1556     67.7761
     19.4990     69.6216      1.0506     67.8916
     19.5264     70.1126      0.9391     68.0072
     19.5537     69.1873      0.5327     68.1228
     19.5811     69.5019      0.7571     68.2385
     19.6085     70.0386      1.0533     68.3542
     19.6359     70.9826      0.8583     68.4700
     19.6632     70.1668      1.2562     68.5858
     19.6906     71.1773      1.0399     68.7017
     19.7180     71.3379      0.7352     68.8177
     19.7454     70.6332      1.3616     68.9337
     19.7728     70.2264      0.7781     69.0497
     19.8001     70.1895      0.7614     69.1659
     19.8275     69.4631      1.0359     69.2820
     19.8549     70.6295      0.8856     69.3983
     19.8823     71.5456      0.5865     69.5146
     19.9097     71.2396      0.7603     69.6309
     19.9370     71.6346      0.6412     69.7473
     19.9644     70.8853      0.6760     69.8638
     19.9918     71.1558      0.7117     69.9803
     20.0192     70.4275      1.1907     70.0969
     20.0465     69.0420      1.4945     70.2135
     20.0739     71.4167      1.9171     70.3302
     20.1013     71.2155      1.3439     70.4470
     20.1287     71.9802      0.4350     70.5638
     20.1561     70.1464      0.3032     70.6806
     20.1834     71.8087      1.7588     70.7976
     20.2108     70.9574      1.2952     70.9145
     20.2382     71.0094      1.2447     71.0316
     20.2656     71.8946      0.7743     71.1487
     20.2930     70.1394      0.7975     71.2658
     20.3203     69.7101      0.8117     71.3830
     20.3477     71.2987      0.3554     71.5003
     20.3751     72.2761      0.4062     71.6176
     20.4025     72.7417      0.4527     71.7350
     20.4298     73.4401      0.5886     71.8524
     20.4572     72.5419      1.2306     71.9699
     20.4846     72.8013      0.3601     72.0874
     20.5120     71.7585      1.0569     72.2050
     20.5394     72.0878      0.7400     72.3227
     20.5667     72.9119      0.3651     72.4404
     20.5941     70.8972      2.1249     72.5581
     20.6215     68.3096      1.3031     72.6760
     20.6489     70.5123      0.8842     72.7939
     20.6762     71.7061      0.8636     72.9118
     20.7036     71.4725      0.8320     73.0298
     20.7310     71.5383      0.7170     73.1478
     20.7584     72.3267      1.0621     73.2660
     20.7858     73.6175      0.7319     73.3841
     20.8131     74.2916      1.0673     73.5023
     20.8405     75.8791      0.8417     73.6206
     20.8679     74.4041      1.1462     73.7390
     20.8953     71.8729      1.5244     73.8574
     20.9227     74.2134      0.9067     73.9758
     20.9500     73.4318      1.3700     74.0943
     20.9774     74.0295      0.7753     74.2129
     21.0048     75.5825      1.6581     74.3315
     21.0322     75.7406      1.6236     74.4502
     21.0595     75.6289      1.9397     74.5689
     21.0869     75.3969      2.2212     74.6877
     21.1143     74.1197      0.9339     74.8065
     21.1417     72.6598      0.8996     74.9255
     21.1691     72.9259      1.6573     75.0444
     21.1964     74.1609      2.0562     75.1634
     21.2238     74.2485      1.6894     75.2825
     21.2512     76.0668      1.2792     75.4016
     21.2786     77.7756      1.2111     75.5208
     21.3060     76.7994      1.6001     75.6401
     21.3333     75.0192      1.6817     75.7594
     21.3607     76.1442      1.2243     75.8787
     21.3881     75.7570      0.9556     75.9981
     21.4155     75.6307      0.6989     76.1176
     21.4428     75.7499      1.1353     76.2371
     21.4702     77.5522      1.1386     76.3567
     21.4976     78.2672      1.3174     76.4764
     21.5250     77.6699      0.6364     76.5961
     21.5524     76.5098      1.0770     76.7158
     21.5797     78.7432      0.9794     76.8356
     21.6071     79.7226      1.2929     76.9555
     21.6345     77.7724      0.8139     77.0754
     21.6619     76.1285      1.0724     77.1954
     21.6893     77.8952      1.3493     77.3154
     21.7166     78.0215      0.6647     77.4355
     21.7440     77.9401      1.0879     77.5557
     21.7714     78.1015      1.5555     77.6759
     21.7988     79.7594      1.1789     77.7962
     21.8261     80.5127      1.5694     77.9165
     21.8535     78.3961      1.2870     78.0369
     21.8809     78.0890      1.8568     78.1573
     21.9083     81.0601      1.4918     78.2778
     21.9357     81.4555      1.5787     78.3983
     21.9630     77.8380      0.8110     78.5190
     21.9904     76.9163      1.4363     78.6396
     22.0178     78.7678      1.0843     78.7603
     22.0452     80.0220      1.2463     78.8811
     22.0726     80.0528      1.5831     79.0019
     22.0999     80.5735      0.9612     79.1228
     22.1273     79.1299      2.8780     79.2438
     22.1547     78.9667      1.2743     79.3648
     22.1821     77.7170      0.9978     79.4858
     22.2094     79.6020      2.0169     79.6070
     22.2368     79.8343      2.0576     79.7281
     22.2642     80.3351      1.3348     79.8494
     22.2916     78.9531      1.8131     79.9707
     22.3190     78.5074      1.5472     80.0920
     22.3463     79.1892      1.0106     80.2134
     22.3737     78.5441      1.7655     80.3349
     22.4011     79.6846      1.0047     80.4564
     22.4285     80.0242      1.5667     80.5779
     22.4559     80.1497      1.2084     80.6996
     22.4832     80.9952      1.4590     80.8212
     22.5106     81.4406      0.6565     80.9430
     22.5380     81.9096      1.4440     81.0648
     22.5654     81.5461      1.3554     81.1866
     22.5927     78.4492      0.7082     81.3085
     22.6201     78.1389      0.4688     81.4305
     22.6475     79.1457      0.4108     81.5525
     22.6749     79.7671      0.9855     81.6746
     22.7023     80.4551      1.5800     81.7968
     22.7296     81.0296      1.6667     81.9190
     22.7570     81.4979      1.0796     82.0412
     22.7844     81.5707      0.5354     82.1635
     22.8118     80.5475      0.5868     82.2859
     22.8392     82.1467      0.7106     82.4083
     22.8665     81.0793      0.7527     82.5308
     22.8939     79.9340      1.0045     82.6533
     22.9213     79.9762      0.9473     82.7759
     22.9487     82.1397      0.6655     82.8986
     22.9760     85.0149      0.8917     83.0213
     23.0034     84.9287      1.2634     83.1440
     23.0308     84.8734      1.4702     83.2668
     23.0582     84.6326      1.9305     83.3897
     23.0856     83.8211      0.7996     83.5126
     23.1129     82.5232      0.7070     83.6356
     23.1403     82.1631      0.9705     83.7587
     23.1677     83.3967      1.1314     83.8818
     23.1951     84.7083      1.2923     84.0049
     23.2225     82.6647      1.5186     84.1282
     23.2498     79.7274      1.1054     84.2514
     23.2772     78.7758      0.8329     84.3748
     23.3046     81.2971      0.9857     84.4981
     23.3320     82.8981      0.8923     84.6216
     23.3593     85.6642      0.7802     84.7451
     23.3867     85.8756      0.4996     84.8686
     23.4141     84.5289      0.3955     84.9923
     23.4415     85.0086      0.8561     85.1159
     23.4689     85.0105      0.6258     85.2397
     23.4962     85.7221      0.7704     85.3634
     23.5236     86.9355      2.1890     85.4873
     23.5510     86.7358      1.3502     85.6112
     23.5784     87.2018      0.4251     85.7351
     23.6057     87.7243      0.2402     85.8591
     23.6331     85.9045      0.4307     85.9832
     23.6605     87.2750      1.1286     86.1073
     23.6879     87.4488      0.9425     86.2315
# trend=(3.3577 .0757)
# params=( -9.1417  2.7439  0.0757  0.4033 -1.8910 -1.1579 -1.3632)
# sig_params=(  0.0675  0.0124  0.0014  0.0700  0.0701  0.0701  0.0700)
