# column 1: time (years from 2000)
# column 2: mean sea level corrected for GIA, seasonal signal removed (mm)
     -7.0385    -21.1369
     -7.0133    -21.8285
     -6.9876    -17.2817
     -6.9592    -21.0161
     -6.9339    -25.2014
     -6.9024    -28.4508
     -6.8792    -25.9521
     -6.8506    -19.6459
     -6.8233    -16.4831
     -6.7962    -16.8076
     -6.7691    -20.1547
     -6.7147    -23.1804
     -6.6876    -16.8642
     -6.6605    -16.3977
     -6.6333    -13.5846
     -6.6062    -18.3503
     -6.5791    -22.9377
     -6.5519    -20.0019
     -6.5247    -15.5064
     -6.4978    -12.8109
     -6.4704    -13.8623
     -6.4162    -22.7277
     -6.3882    -19.8617
     -6.3618    -16.0128
     -6.3347    -12.3781
     -6.3075    -14.4753
     -6.2810    -20.9142
     -6.2533    -21.4664
     -6.2260    -16.8234
     -6.1990    -17.5483
     -6.1446    -14.3265
     -6.1174    -20.2012
     -6.0901    -20.7809
     -6.0632    -18.4466
     -6.0360    -10.8558
     -6.0092     -9.0007
     -5.9818    -17.5311
     -5.9546    -17.3283
     -5.9275    -18.5273
     -5.9003    -19.9447
     -5.8732    -18.0765
     -5.8460    -11.4936
     -5.8190    -10.6468
     -5.7646    -15.4267
     -5.7374    -13.1240
     -5.7103    -10.9202
     -5.6831     -8.2803
     -5.6560    -11.8888
     -5.6289    -16.7536
     -5.6017    -19.7029
     -5.5746    -16.7823
     -5.5474    -10.3495
     -5.4932    -17.3911
     -5.4660    -16.1713
     -5.4388    -19.1382
     -5.4117    -15.5012
     -5.3845    -12.9446
     -5.3574    -10.0322
     -5.3302    -12.8088
     -5.3031    -15.3029
     -5.2760    -17.9439
     -5.2489    -16.6544
     -5.2217    -15.0754
     -5.1945     -8.9613
     -5.1674    -10.6876
     -5.1131    -18.5969
     -5.0859    -18.8569
     -5.0587     -9.0016
     -5.0315     -8.0090
     -5.0044    -11.1586
     -4.9773    -14.0189
     -4.9502    -16.2476
     -4.9230     -7.8814
     -4.8959     -8.2357
     -4.8687     -9.4005
     -4.8416     -9.5432
     -4.7872     -8.0557
     -4.7601    -13.2981
     -4.7330     -7.6808
     -4.7058     -5.4567
     -4.6787     -9.3919
     -4.6244    -13.9192
     -4.5971    -10.6522
     -4.5701     -5.2268
     -4.5430     -8.3977
     -4.5159    -14.0286
     -4.4615    -17.9855
     -4.4344    -13.8846
     -4.4072    -11.1784
     -4.3800     -8.3493
     -4.3529    -13.4559
     -4.3259    -14.8355
     -4.2986    -11.8315
     -4.2714     -4.8569
     -4.2443     -7.8396
     -4.2172     -9.5240
     -4.1628    -14.0498
     -4.1357    -13.3780
     -4.1100     -9.1213
     -4.0543     -6.4561
     -4.0272     -7.1670
     -4.0001    -12.5314
     -3.9729    -14.4145
     -3.9466    -11.6869
     -3.9185     -6.3422
     -3.8915     -2.3325
     -3.8368     -8.3012
     -3.8100    -11.2844
     -3.7828     -7.7301
     -3.7557     -3.2657
     -3.7285     -6.2345
     -3.7014    -10.5890
     -3.6742    -10.7997
     -3.6471     -8.2591
     -3.6200     -5.4821
     -3.5928     -3.5025
     -3.5657     -6.3716
     -3.5113    -11.9934
     -3.4842     -9.7652
     -3.4571     -5.3048
     -3.4299     -1.0362
     -3.4027     -4.4622
     -3.3755    -10.9597
     -3.3485    -12.3809
     -3.3213    -14.0721
     -3.2946     -8.0454
     -3.2664     -1.9776
     -3.2399     -1.3174
     -3.1855      4.3341
     -3.1584      4.2940
     -3.1312      1.0047
     -3.1041     -5.3689
     -3.0770     -7.8844
     -3.0498    -10.6088
     -3.0229    -16.6317
     -2.9955    -12.4999
     -2.9684     -6.3101
     -2.9412     -6.2030
     -2.9141     -6.5094
     -2.8598     -9.7632
     -2.8327     -7.3544
     -2.8055     -5.4559
     -2.7783     -3.2036
     -2.7512     -4.8324
     -2.7240     -8.7856
     -2.6969    -11.3176
     -2.6698     -7.2033
     -2.6426     -1.7387
     -2.6155     -4.0423
     -2.5884     -3.8507
     -2.5340    -10.6995
     -2.5071     -5.6642
     -2.4798     -2.5593
     -2.4526      2.8706
     -2.4255     -2.6927
     -2.3712     -5.5683
     -2.3439     -2.8095
     -2.3170      0.5010
     -2.2897      3.7193
     -2.2625     -0.1667
     -2.2083     -3.7991
     -2.1811     -1.7576
     -2.1540      2.6448
     -2.1268     -2.8072
     -2.0999     -7.3556
     -2.0726     -9.9474
     -2.0454    -12.2625
     -2.0182     -5.8816
     -1.9917     -3.1930
     -1.9639     -1.2130
     -1.9096     -6.3821
     -1.8825     -5.8428
     -1.8554     -2.9006
     -1.8282     -0.3143
     -1.8011      0.1722
     -1.7739     -2.8773
     -1.7468     -6.6963
     -1.7208     -5.1201
     -1.6925     -0.1420
     -1.6653      0.9972
     -1.6382     -2.3151
     -1.5842    -11.1005
     -1.5568     -8.8615
     -1.5296     -5.4538
     -1.5024      0.8650
     -1.4753     -0.8581
     -1.4482     -6.5587
     -1.3937     -6.8415
     -1.3667     -5.3825
     -1.3396     -2.5349
     -1.3124     -3.4331
     -1.2852    -10.4015
     -1.2581    -10.9651
     -1.2311     -9.7552
     -1.1766     -1.3418
     -1.1495     -5.0978
     -1.1224    -11.1138
     -1.0954    -16.2311
     -1.0680     -8.9030
     -1.0409     -6.8146
     -1.0137     -2.1417
     -0.9866     -4.8574
     -0.9595     -6.5214
     -0.9052     -8.6609
     -0.8743      7.2289
     -0.8509      2.5571
     -0.8237     -2.0775
     -0.7966     -7.3014
     -0.7694     -5.7496
     -0.7423     -3.1586
     -0.7152     -0.4758
     -0.6608     -3.0982
     -0.6337     -8.4872
     -0.6067    -10.8551
     -0.5794     -5.0419
     -0.5522     -6.2064
     -0.5251     -2.1101
     -0.4980      0.1882
     -0.4708     -5.1617
     -0.4434     -7.3963
     -0.4166     -2.3217
     -0.3894     -2.6352
     -0.3623      0.9994
     -0.3080     -6.7635
     -0.2808     -3.8203
     -0.2538     -3.4559
     -0.2265      4.2825
     -0.1992      3.1524
     -0.1722     -2.3196
     -0.1450     -8.4335
     -0.1178     -8.1086
     -0.0908     -4.1008
     -0.0364      4.5311
     -0.0093      3.9961
      0.0178     -3.5407
      0.0450     -2.3341
      0.0721      5.3693
      0.0993      3.5543
      0.1264      2.0253
      0.1536     -0.4891
      0.1807     -4.6425
      0.2078     -4.9741
      0.2350      3.7795
      0.2893      2.5829
      0.3165     -3.1791
      0.3436     -7.3898
      0.3707     -6.7565
      0.3978     -2.7077
      0.4250      1.8126
      0.4522      0.6464
      0.4794     -2.7692
      0.5065     -4.7923
      0.5337     -2.0705
      0.5879      0.1058
      0.6149      0.9678
      0.6423     -1.9233
      0.6694     -8.7978
      0.6965     -5.6930
      0.7235      2.7712
      0.7509      6.9511
      0.7780      5.2276
      0.8051     -2.3605
      0.8594     -2.2627
      0.8860      1.5792
      0.9145      4.2551
      0.9409      2.8863
      0.9680      0.1771
      0.9952      1.1293
      1.0222      2.5695
      1.0766      6.4150
      1.1038      3.7638
      1.1309     -2.3980
      1.1580     -1.0391
      1.1851      5.1910
      1.2123      4.3511
      1.2395      8.3089
      1.2666      5.8243
      1.2937      2.6475
      1.3209     -1.3911
      1.3481      0.6230
      1.3752      6.1776
      1.4023      6.2418
      1.4295      4.6687
      1.4566     -0.4023
      1.4840      4.6701
      1.5110      7.1231
      1.5380     11.3161
      1.5653      7.9195
      1.5924      8.6292
      1.6195      0.9615
      1.6467     -0.6454
      1.6738      3.1732
      1.7009     12.0805
      1.7282     11.7514
      1.7553      8.9670
      1.7824      1.0798
      1.8096     -2.9669
      1.8367      4.6465
      1.8639     10.0134
      1.8917      8.8220
      1.9182      6.2667
      1.9454      1.3321
      1.9724      1.5193
      1.9996      9.6600
      2.0269      7.5826
      2.0539      6.9215
      2.0810      6.5543
      2.1082      2.0675
      2.1353      4.2734
      2.1626      9.3060
      2.1897     10.1209
      2.2168     10.4774
      2.2439      4.9402
      2.2711      3.0699
      2.2988     -0.6899
      2.3254      6.0009
      2.3526      9.8396
      2.3796      9.7142
      2.4069      7.4938
      2.4339      0.6238
      2.4611      5.0474
      2.4883     14.5033
      2.5426     10.9970
      2.5697      8.0688
      2.5969      6.5464
      2.6239      8.9559
      2.6551     12.3186
      2.6782     12.6420
      2.7064     12.0283
      2.7325      9.2477
      2.7598      0.8872
      2.7862      8.9442
      2.8142     17.0338
      2.8414     13.5922
      2.8683     12.8967
      2.8962     12.8376
      2.9226     13.2020
      2.9497     14.3751
      2.9770     14.9664
      3.0041     16.2892
      3.0311     13.1788
      3.0583     14.3902
      3.0855     10.0884
      3.1127     15.6655
      3.1398     13.4406
      3.1670     17.8506
      3.1942     17.8494
      3.2211     12.2059
      3.2483     12.5745
      3.2755     12.9194
      3.3027     16.1846
      3.3298     19.0969
      3.3569     20.2591
      3.3841     15.5545
      3.4113     11.1459
      3.4384     13.6789
      3.4656     18.1967
      3.4927     16.1345
      3.5199     12.1404
      3.5469     12.2735
      3.5741      6.5135
      3.6013     13.1596
      3.6285     13.9404
      3.6555     17.9050
      3.6827     16.2111
      3.7099      6.9307
      3.7371      7.7413
      3.7641     11.8169
      3.7913     15.0037
      3.8186     18.0417
      3.8456     18.3397
      3.8727      8.5831
      3.8999     10.4387
      3.9270     14.7408
      3.9543     19.1245
      3.9812     19.0012
      4.0085     12.3107
      4.0357     10.3782
      4.0628      9.7542
      4.0897     12.5143
      4.1172     17.9579
      4.1443     15.5028
      4.1714     17.9914
      4.1985     10.9796
      4.2257     13.0296
      4.2530     19.7059
      4.2800     20.8715
      4.3074     24.3588
      4.3343     18.2970
      4.3614     15.8826
      4.3883     13.7944
      4.4728     20.2694
      4.4970     14.7614
      4.5225     10.4419
      4.5496      8.4566
      4.5770      9.3740
      4.6062     16.9595
      4.6330     18.5257
      4.6601     15.2725
      4.6869      9.8866
      4.7142     13.2132
      4.7416      9.0418
      4.7685     18.8513
      4.7959     16.5753
      4.8230     11.4564
      4.8501      9.4974
      4.8772     10.4786
      4.9044     10.5616
      4.9317     18.1876
      4.9540     15.8171
      4.9858     13.8449
      5.0128      3.8288
      5.0400      7.2677
      5.0673     14.4137
      5.0944     20.5372
      5.1216     18.0451
      5.1487     10.8615
      5.1758     14.5299
      5.2032     13.7029
      5.2302     13.4560
      5.2573     16.8470
      5.2846     20.5260
      5.3105     10.5438
      5.3393     11.3020
      5.3658     14.9097
      5.3931     19.0423
      5.4199     15.8499
      5.4473     14.7884
      5.4744     10.0849
      5.5016      7.4863
      5.5290     12.3385
      5.5560     15.7085
      5.5830     18.7850
      5.6101     17.1763
      5.6376     11.3043
      5.6645      9.8445
      5.6916     14.7484
      5.7189     19.6879
      5.7461     18.0473
      5.7655     17.5960
# bias[tx]=-8.8168
# rms_fit[tx]=2.6702
