# column 1: time (years from 2000)
# column 2: mean sea level corrected for GIA, seasonal signal removed (mm)
     -4.0904     -5.0631
     -4.0670    -12.6432
     -4.0428     -1.6509
     -4.0182     -0.8546
     -3.9944     -5.4422
     -3.9727      1.9182
     -3.9471    -16.3685
     -3.9180    -10.9107
     -3.8993     -9.1147
     -3.8757     -6.7379
     -3.8513     -9.0115
     -3.8274    -12.0977
     -3.8032    -15.0648
     -3.7806    -13.8385
     -3.7550     -7.1486
     -3.7316     -6.9710
     -3.7076     -6.4153
     -3.6840     -2.6500
     -3.6597     -1.4690
     -3.6355     -2.4711
     -3.6118     -4.2795
     -3.5875     -5.5129
     -3.5639    -12.4222
     -3.5400     -5.0372
     -3.5162     -2.4041
     -3.4920     -4.8590
     -3.4680     -5.2393
     -3.4440     -3.3639
     -3.4200     -4.5413
     -3.3960     -3.4664
     -3.3726    -12.3048
     -3.3482    -13.7603
     -3.3242    -18.4579
     -3.3004     -9.2552
     -3.2765     -0.6019
     -3.2524      1.9424
     -3.2285     -6.4636
     -3.2045     -8.3952
     -3.1805     -2.4285
     -3.1565     -3.1574
     -3.1326     -4.8945
     -3.1086     -9.6586
     -3.0849     -5.5998
     -3.0602     -8.8240
     -3.0374     -9.3749
     -3.0128     -5.5860
     -2.9889     -4.0898
     -2.9649     -4.6078
     -2.9410     -9.9728
     -2.9171     -9.3038
     -2.8931    -18.0057
     -2.8675      2.2192
     -2.8450     -8.7771
     -2.8259    -11.2198
     -2.7939    -11.5182
     -2.7733    -12.4598
     -2.7492     -5.6343
     -2.7254     -9.6432
     -2.7020    -15.6576
     -2.6776    -11.2668
     -2.6534     -9.8545
     -2.6291    -10.4281
     -2.6056     -6.9169
     -2.5817     -4.7429
     -2.5577     -4.9453
     -2.5338     -3.9700
     -2.5098     -8.1550
     -2.4856     -1.9406
     -2.4618     -2.7570
     -2.4383     -3.9160
     -2.4140     -2.0357
     -2.3902     -1.1909
     -2.3661     -6.0724
     -2.3421     -1.4340
     -2.3182     -0.5373
     -2.2942      3.0701
     -2.2703      2.9421
     -2.2464      3.0267
     -2.2223      1.8582
     -2.1984     -2.7229
     -2.1744     -2.6044
     -2.1504      2.8182
     -2.1265     -6.1731
     -2.1030     -6.3119
     -2.0787     -5.9124
     -2.0545     -9.4369
     -2.0306     -3.7513
     -2.0068     -7.6014
     -1.9828     -4.0301
     -1.9588     -3.6806
     -1.9348     -1.4859
     -1.9109     -4.5617
     -1.8870     -6.0075
     -1.8630      1.5893
     -1.8390     -5.6474
     -1.8151     -2.8786
     -1.7908      1.0310
     -1.7714      1.5101
     -1.7192      1.6906
     -1.6954      1.5011
     -1.6713      1.3248
     -1.6473      0.3671
     -1.6234      2.8159
     -1.5994     -0.1501
     -1.5769     -6.9838
     -1.5514     -4.3696
     -1.5276     -2.3070
     -1.5037      1.9849
     -1.4797      2.2681
     -1.4556     -5.8849
     -1.4318     -1.4859
     -1.4079      2.9602
     -1.3839      1.6678
     -1.3599      1.0636
     -1.3356     -2.2235
     -1.3120     -2.9182
     -1.2875     -1.3132
     -1.2646     -1.9929
     -1.2401     -9.6868
     -1.2161     -6.7068
     -1.1924     -8.0376
     -1.1682      0.2335
     -1.1443     -2.5943
     -1.1205     -5.9426
     -1.0945     -9.7789
     -1.0724     -2.3149
     -1.0485     -6.0386
     -1.0245     -7.4554
     -1.0006     -6.8192
     -0.9765     -4.7717
     -0.9526     -7.4629
     -0.9289    -12.8146
     -0.9047     -7.3317
     -0.8808     -2.6200
     -0.8568     -6.3608
     -0.8328     -8.1256
     -0.8088    -10.6759
     -0.7850     -5.8654
     -0.7609     -0.9576
     -0.7371     -6.6016
     -0.7131     -6.2682
     -0.6892     -1.9300
     -0.6653     -3.6755
     -0.6408     -1.7019
     -0.6172      0.3696
     -0.5937      1.0145
     -0.5693     -5.1893
     -0.5453     -4.7977
     -0.5214     -5.7486
     -0.4975     -4.4823
     -0.4735     -1.2317
     -0.4498     -3.5198
     -0.4256     -2.0631
     -0.4016     -6.5551
     -0.3776     -1.4804
     -0.3538      0.6976
     -0.3298     -0.0949
     -0.3059     -4.9972
     -0.2815     -0.0724
     -0.2579     -1.7415
     -0.2340      3.1151
     -0.2098      0.8394
     -0.1850     -1.0379
     -0.1622     -0.6166
     -0.1381     -2.8942
     -0.1132      0.4275
     -0.0902      2.7436
     -0.0663      4.7809
     -0.0423      1.7645
     -0.0183      1.3424
      0.0068      0.8925
      0.0298      3.9752
      0.0536     -3.5559
      0.0774     -3.4503
      0.0980     -6.9222
      0.1255     -4.1429
      0.1493     -0.8179
      0.1733      4.0921
      0.1973      1.2266
      0.2202      1.6477
      0.2451     -3.9508
      0.2692     -2.2798
      0.2931     -5.3206
      0.3171     -3.2534
      0.3410     -4.4678
      0.3649      0.4313
      0.3890     -1.8721
      0.4128     -7.1089
      0.4368     -1.1129
      0.4608      1.0715
      0.4844      3.3010
      0.5368     -0.8521
      0.5566      0.0310
      0.5806      0.8495
      0.6044      2.7251
      0.6285      3.6676
      0.6524      0.2209
      0.6764     -0.5769
      0.7004      0.6236
      0.7243      3.0782
      0.7483      5.1281
      0.7709      2.3442
      0.7961     -4.1986
      0.8201     -1.5268
      0.8441      1.0494
      0.8681      0.3190
      0.8921     -1.2415
      0.9160     -1.1730
      0.9400     -7.1158
      0.9628     -5.3678
      0.9879     -0.4624
      1.0119      3.2303
      1.0360     -5.4878
      1.2507      2.3670
      1.2761     -5.8593
      1.2993     -0.8660
      1.3232      0.1317
      1.3471      0.9472
      1.3711      1.4733
      1.3968     -7.4919
      1.4190     -2.3340
      1.4430     -1.9364
      1.4669      0.8380
      1.4909      6.1495
      1.5149      5.3603
      1.5389      3.5404
      1.5626     -0.6257
      1.5868      6.3525
      1.6107      2.4903
      1.6347      0.3076
      1.6586      0.8453
      1.6831      5.3268
      1.7065      8.1522
      1.7305      1.8239
      1.7543      4.3126
      1.7779      3.1566
      1.8024      2.0744
      1.8264      8.8999
      1.8501     10.9238
      1.8717      7.7913
      1.8962      8.0655
      1.9266      7.8527
      1.9460      2.3809
      1.9700      5.7693
      1.9941      9.2239
      2.0180      7.7912
      2.0418      3.8303
      2.0659      4.0225
      2.0897      9.5418
      2.1140      7.2912
      2.1379      7.8827
      2.1617      8.5443
      2.2335      2.6301
      2.2575     10.3715
      2.2818      5.7809
      2.3051      3.9982
      2.3294      7.9244
      2.3533      5.4699
      2.3773      5.4220
      2.4012      3.9566
      2.4254      1.8452
      2.4491      3.6367
      2.4731      6.6999
      2.4969      8.0884
      2.5209      3.4685
      2.5450      7.9121
      2.5689      6.5053
      2.5929      4.1464
      2.6168      8.0516
      2.6407      4.1463
      2.6647      7.1676
      2.6888      3.9597
      2.7126      6.2828
      2.7366      5.5802
      2.7607     -0.5997
      2.7841      6.3913
      2.8085     15.4613
      2.8322      8.2364
      2.8564      9.0153
      2.8787      9.3392
      2.9042     11.5853
      2.9282     15.2053
      2.9526     14.3977
      2.9766     13.6827
      3.0001     10.7014
      3.0241     14.5418
      3.0481     11.3488
      3.0719     18.6943
      3.0960     15.4710
      3.1200     12.7778
      3.1439     16.3332
      3.1678     10.7665
      3.1918     13.6148
      3.2157     12.7222
      3.2391     10.4424
      3.2637     12.4886
      3.2876     13.4256
      3.3115     11.8668
      3.3357     12.1252
      3.3886      9.5243
      3.4076     18.5293
      3.4313     15.8183
      3.4557     14.1142
# bias[e2]=-8.5441
# rms_fit[e2]=2.2810
