# column 1: time (years from 2000)
# column 2: mean sea level corrected for GIA, seasonal signal removed (mm)
      0.0300      2.5326
      0.0530     -3.7139
      0.0778      0.5053
      0.1001     -6.1645
      0.1230     -7.0808
      0.1697     -1.8073
      0.1941     -6.2710
      0.2165      1.5615
      0.2403      2.8758
      0.2594     -6.2028
      0.2879    -10.4254
      0.3103     -8.7763
      0.3340     -9.2241
      0.3568     -7.8627
      0.3798     -7.0048
      0.4024     -6.1781
      0.4290     -3.3582
      0.4488     -3.4152
      0.4994     -5.8460
      0.5201     -0.8804
      0.5433     -6.7274
      0.5669     -6.0195
      0.5898     -2.8464
      0.6589     -4.6134
      0.6828     -6.8135
      0.7070     -8.6112
      0.7297     -4.3039
      0.7536     -5.6219
      0.7775      0.7127
      0.8000     -0.6655
      0.8239      9.3391
      0.8472      2.3377
      0.8710     -2.7728
      0.8940      1.1584
      0.9176     -4.5720
      0.9412     -8.9241
      0.9685     -1.7287
      0.9869      2.6569
      1.0104      4.1429
      1.0338     -1.5831
      1.0571     -0.0495
      1.0779     -2.3934
      1.1037     -2.3572
      1.1301     -2.9149
      1.1504     -1.2766
      1.1742      4.4312
      1.1971      6.3817
      1.2205      1.6954
      1.2681     -5.7145
      1.2906      0.0514
      1.3138      0.3095
      1.3369      1.8780
      1.3606      3.2575
      1.3836      0.0285
      1.4074     -0.3208
      1.4303     -3.1421
      1.4539      0.4455
      1.4772      5.0900
      1.5006      3.2601
      1.5238      6.7211
      1.5473      3.1506
      1.5705      4.0376
      1.5939      6.0799
      1.6173      2.8915
      1.6406      0.3016
      1.6639      0.1436
      1.6873      8.1539
      1.7107      9.7887
      1.7339      6.8950
      1.7573      5.5108
      1.7799      0.3853
      1.8039      0.9217
      1.8273      3.0565
      1.8507      6.5835
      1.8740      8.5898
      1.8972      1.4444
      1.9209      5.5283
      1.9440      4.3651
      1.9674      3.0347
      1.9908      1.9769
      2.0140      6.3382
      2.0372      4.7902
      2.0608      5.1054
      2.1075      7.7463
      2.1309     12.0805
      2.1540     10.5852
      2.1774      7.3850
      2.2007      4.8225
      2.2242      7.3331
      2.2474      6.1669
      2.2708      9.4524
      2.2941      6.0228
      2.3175      6.5969
      2.3409      9.9836
      2.3641      6.0778
      2.3875      6.0653
      2.4108      7.8188
      2.4342      3.8063
      2.4585      9.3982
      2.4821      9.7337
      2.5041     10.1768
      2.5275      8.2192
      2.5509     15.0272
      2.5742      8.2905
      2.5976      7.5122
      2.6210      9.8057
      2.6442     11.2036
      2.6676     12.4329
      2.6909      7.9493
      2.7143      5.9910
      2.7376      7.5099
      2.7610      5.6470
      2.7843      9.5411
      2.8076     17.0141
      2.8307      9.8776
      2.8543     10.7363
      2.8771     10.2564
      2.9010     12.1464
      2.9243     14.5352
      2.9477     15.4880
      2.9710     12.5533
      2.9945     14.4872
      3.0200     15.6922
      3.0411      8.8680
      3.0644     14.5547
      3.0878     14.9823
      3.1110     15.1459
      3.1344     10.6587
      3.1577     16.2435
      3.1811     10.9307
      3.2044     13.5618
      3.2278     11.4745
      3.2511     14.6134
      3.2743     13.9118
      3.2971     17.2009
      3.3213     10.5871
      3.3445     14.6914
      3.3678     12.3019
      3.3911     19.5015
      3.4145     14.3627
      3.4378     13.7505
      3.4612     14.6281
      3.4845     11.7532
      3.5079     10.9922
      3.5312     13.4141
      3.5546     14.6993
      3.5779     14.0405
      3.6012     11.8401
      3.6246     11.3181
      3.6480     11.1976
      3.6702     13.7576
      3.8129     10.9119
      3.8347      5.4075
      3.8580     12.7927
      3.8813     10.1501
      3.9046     17.4481
      3.9299     15.7111
      3.9514     13.3082
      3.9757     15.1039
      3.9980     11.4929
      4.0210      9.1187
      4.0465     23.2722
      4.0681     16.6016
      4.0914     13.8023
      4.1149     13.8415
      4.1352     12.5532
      4.2813     17.4371
      4.3015     15.9712
      4.3248     15.4807
      4.3482     16.8022
      4.3715     13.3283
      4.3948     16.0392
      4.4181     19.8069
      4.4415     14.1963
      4.4648     17.3672
      4.4882     14.6819
      4.5115     12.5038
      4.5349     12.4053
      4.5582     14.0685
      4.5816     10.6864
      4.6049     15.2668
      4.6243     17.7235
      4.7012     17.2522
      4.7213     16.7049
      4.7449     11.4502
      4.7683     16.1328
      4.7915     14.2813
      4.8149     12.2137
      4.8383     19.0397
      4.8617     15.3541
      4.8850     17.2347
      4.9084      9.8551
      4.9317     18.6666
      4.9551     15.4301
      4.9784     19.8899
      5.0017     17.9001
      5.0250     11.3160
      5.0478     20.1954
      5.0717     17.7432
      5.0951     19.6191
      5.1184     17.9341
      5.1418     14.6031
      5.1650     16.9543
      5.1885     17.8185
      5.2117     14.3402
      5.2354     11.7521
      5.2584     18.2100
      5.2818     22.2324
      5.3050     21.3503
      5.3285     16.1767
      5.3518     20.1152
      5.3752     22.5563
      5.3985     18.9782
      5.4219     19.2526
      5.4451     19.2407
      5.4685     18.5059
      5.4918     18.5078
      5.5152     21.6126
      5.5385     20.7934
      5.5619     19.4339
      5.5852     17.9296
      5.6086     18.9879
      5.6319     19.2330
      5.6552     15.7928
      5.6786     19.0113
      5.7022     20.8238
      5.7252     20.9057
      5.7482     16.3817
      5.7719     23.0822
      5.7953     20.2575
      5.8186     24.2207
      5.8420     20.7774
      5.8653     24.8181
      5.8887     22.1255
      5.9119     20.3580
      5.9344     20.9537
      5.9586     17.3484
      5.9820     22.5057
      6.0053     23.6024
      6.0269     20.1597
      6.0783     16.4101
      6.0987     20.2316
      6.1221     16.6226
      6.1453     14.5723
      6.1688     19.8059
      6.1920     20.2626
      6.2154     15.3786
      6.2387     20.8995
      6.2622     20.4601
      6.2854     19.0971
      6.3088     20.0310
      6.3321     20.8755
      6.3555     20.2310
      6.3788     23.3862
      6.4021     23.3187
      6.4255     22.5973
      6.4488     23.4855
      6.4722     23.2427
      6.4955     23.0316
      6.5188     25.5183
      6.5422     23.3779
      6.5656     24.0946
# bias[g1]=-11.7958
# rms_fit[g1]=2.0042
