# column 1: time (years from 2000)
# column 2: mean sea level corrected for GIA, seasonal signal removed (mm)
      3.7179     11.8106
      3.7430     14.8060
      3.7667     10.2726
      3.7897     12.5108
      3.8136     10.5287
      3.8395      9.8680
      3.8625     13.2854
      3.8865     14.4886
      3.9100     21.0166
      3.9584     14.5572
      3.9817     15.1099
      4.0061     12.8411
      4.0309     16.6689
      4.0537     16.0142
      4.0781     13.0242
      4.1016     13.6555
      4.1262     10.5219
      4.1499     13.6445
      4.1735     14.2580
      4.1979     13.1853
      4.2218     12.5898
      4.2453     15.6154
      4.2698     13.7806
      4.2938     14.7414
      4.3175     11.6135
      4.3421      9.5024
      4.3660     14.7060
      4.3895     13.7013
      4.4124     13.0546
      4.4375      8.8637
      4.4598     18.1290
      4.4857     15.7789
      4.5093     15.8134
      4.5330     15.0267
      4.5574     11.5921
      4.5809      9.5121
      4.6039     11.2023
      4.6293      9.7161
      4.6533     11.3649
      4.6770     12.0739
      4.7010     12.6740
      4.7250     11.9277
      4.7521     13.9226
      4.7727     17.0882
      4.7969     17.1653
      4.8204     16.3423
      4.8447     17.6247
      4.8691     17.4072
      4.8913     13.9055
      4.9162     13.0021
      4.9405     14.0691
      4.9631     16.0114
      4.9884     14.4185
      5.0129     12.4274
      5.0365      9.6914
      5.0601     14.0123
      5.0847     22.6776
      5.1094     22.6629
      5.1322     19.4895
      5.1560     20.5799
      5.1802     26.1615
      5.2036     20.9912
      5.2279     18.2900
      5.2521     18.8153
      5.2762     22.9069
      5.2992     20.4024
      5.3243     14.1978
      5.3480     17.6181
      5.3718     18.8468
      5.3963     16.3715
      5.4199     15.6454
      5.4435     15.0372
      5.4670     14.1072
      5.4915     12.2221
      5.5157     14.3300
      5.5402     15.5032
      5.5623     19.7456
      5.5879     18.7025
      5.6112     19.0478
      5.6356     14.6522
      5.6592     15.8959
      5.6830     13.9973
      5.7074     17.8933
      5.7316     13.0667
      5.7559     13.7524
      5.7790     13.9119
      5.8028     15.5410
      5.8270     15.8712
      5.8509     18.0037
      5.8751     19.7294
      5.8988     17.8031
      5.9227     18.6006
      5.9466     17.2690
      5.9706     16.5554
      5.9944     19.8019
      6.0184     14.7689
      6.0424     20.0109
      6.0664     22.4973
      6.0909     19.9164
      6.1144     22.0587
      6.1383     19.8473
      6.1623     21.3049
      6.1859     24.3753
      6.2103     14.3805
      6.2341     16.2885
      6.2551     15.9725
      6.2805     21.3618
      6.3061     20.3612
      6.3300     19.1922
      6.3525     20.3347
      6.3785     25.2005
      6.4005     27.4173
      6.4256     21.5155
      6.4495     23.2100
      6.4729     20.5664
      6.4981     14.6633
      6.5219     17.4371
      6.5455     15.0774
      6.5697     14.9646
      6.5939     16.6960
      6.6175     16.3042
      6.6410     16.5079
      6.6655     16.1128
      6.7133     18.2331
      6.7353     17.9778
      6.7610     17.3639
      6.7852     20.1489
      6.8089     20.8290
      6.8333     15.3133
      6.8571     19.6957
      6.8809     21.5561
      6.9024     17.2012
      6.9289     18.4943
      6.9530     20.7801
      6.9759     17.0265
      7.0009     19.9942
      7.0246     21.1237
      7.0487     20.8290
      7.0724     19.3681
      7.0968     16.5420
      7.1183     14.0505
      7.1462     18.2807
      7.1692     19.6166
      7.1932     19.2605
      7.2165     17.1776
      7.2403     15.2915
      7.2646     19.7453
      7.2880     21.1897
      7.3115     23.4352
      7.3364     20.1939
      7.3600     24.0703
      7.3840     22.3489
      7.4319     19.4933
      7.4558     18.4831
      7.4802     19.5339
      7.5066     23.1035
      7.5278     20.8354
      7.5520     16.9353
      7.5760     16.9835
      7.5996     16.7892
      7.6237     19.1565
      7.6476     17.8262
      7.6716     15.8314
      7.6954     15.7356
      7.7190     19.4818
      7.7472     21.9191
      7.7674     19.5630
      7.7913     18.4996
      7.8153     20.4306
      7.8393     20.2661
      7.8634     21.1012
      7.8872     24.9056
      7.9111     23.9495
      7.9357     24.7142
      7.9594     18.0898
      7.9827     21.8434
      8.0070     22.8657
      8.0309     25.0692
      8.0564     27.5563
      8.0787     25.9301
      8.1028     24.9576
      8.1268     28.0192
      8.1507     25.4366
      8.1746     25.1420
      8.1985     27.2751
      8.2228     30.3724
      8.2465     25.5964
      8.2704     25.9737
      8.2943     26.5376
      8.3184     27.1109
      8.3423     25.9029
      8.3664     25.1087
      8.3902     29.5082
      8.4142     28.1755
      8.4381     28.9714
      8.4620     29.5537
      8.4861     27.8822
      8.5101     29.0160
      8.5340     28.8243
      8.5579     28.0877
      8.5818     26.6989
      8.6058     23.8639
      8.6298     28.4021
      8.6543     24.6348
      8.6778     26.9512
      8.7018     24.3521
      8.7258     25.1083
      8.7495     27.4741
      8.7735     28.0773
      8.7975     28.8623
      8.8216     29.2462
      8.8453     27.2319
      8.8694     26.4122
      8.8935     27.8641
      8.9173     29.8349
      8.9411     29.3869
      8.9653     27.3822
      8.9891     28.1404
      9.0132     29.1341
      9.0371     27.5042
      9.0612     28.7272
      9.0851     24.2807
      9.1089     29.6630
      9.1329     28.6851
      9.1568     27.2702
      9.1808     30.8523
      9.2047     31.3731
      9.2287     31.6761
      9.2527     30.2056
      9.2767     28.3022
      9.3006     29.8934
      9.3244     28.8976
      9.3484     31.0194
      9.3732     23.7571
      9.3964     26.3724
      9.4203     24.5497
      9.4443     27.1473
      9.4683     25.6203
      9.4922     23.8264
      9.5161     23.9308
      9.5402     23.6033
      9.5643     30.5250
      9.5881     31.4991
      9.6119     30.5311
      9.6359     29.0443
      9.6599     29.0751
      9.6839     33.8709
      9.7078     32.4845
      9.7318     33.4609
      9.7559     36.2527
      9.7797     34.5044
      9.8036     30.7388
      9.8279     33.0761
      9.8515     33.0113
      9.8755     28.3382
      9.8991     33.5120
      9.9234     32.2214
      9.9476     32.3994
      9.9714     34.4807
      9.9952     32.8249
     10.0192     33.4905
     10.0432     32.9270
     10.0672     32.0068
     10.0906     29.8147
     10.1153     34.4572
     10.1391     33.5416
     10.1630     39.0964
     10.1870     35.6584
     10.2109     33.8701
     10.2348     32.6775
     10.2588     32.4210
     10.2829     35.5373
     10.3067     34.7576
     10.3308     34.1920
     10.3547     32.7438
     10.3786     35.8006
     10.4026     36.9399
     10.4265     35.7265
     10.4504     36.0204
     10.4743     36.6797
     10.4984     35.1647
     10.5224     36.8373
     10.5463     37.5727
     10.5702     35.9581
     10.5942     34.1911
     10.6181     33.9892
     10.6421     32.2776
     10.6660     29.1961
     10.6900     28.8909
     10.7140     32.5145
     10.7380     30.9178
     10.7618     32.3496
     10.7858     31.2430
     10.8362     33.3374
     10.8635     31.9018
     10.8908     29.6935
     10.9182     29.1609
     10.9456     27.9351
     10.9730     30.7340
     11.0005     30.2826
     11.0277     28.4948
     11.0552     32.3369
     11.0825     31.2619
     11.1099     27.7628
     11.1370     26.8571
     11.1647     26.8752
     11.1920     26.2791
     11.2194     24.9298
     11.2450     28.3201
     11.2742     34.3300
     11.3016     33.2873
     11.3293     28.0926
     11.3563     30.6514
     11.3823     31.5330
     11.4108     31.7348
     11.4385     29.7756
     11.4659     31.1953
     11.4932     30.4335
     11.5206     30.4364
     11.5479     29.0631
     11.5754     28.2916
     11.6027     28.8273
     11.6301     30.0948
     11.6574     34.6459
     11.6849     32.0420
     11.7110     30.2954
     11.7396     31.1807
     11.7670     32.5687
     11.7945     35.7788
     11.8218     30.0471
     11.8491     31.7795
     11.8765     29.9596
     11.9039     31.9448
     11.9313     33.1702
     11.9569     36.6070
     11.9940     36.5906
     12.0134     38.2390
     12.0408     36.3793
     12.0684     35.0225
     12.0957     34.9378
     12.1229     37.7358
     12.1503     36.4403
     12.1778     37.5962
     12.2050     38.2677
     12.2325     37.7153
     12.2579     36.4343
# bias[n1]=-9.0122
# rms_fit[n1]=1.7767
