# column 1: time (years from 2000)
# column 2: mean sea level corrected for GIA, seasonal signal removed (mm)
     10.8272     33.2900
     10.8534     30.8570
     10.8801     31.1550
     10.9070     29.3492
     10.9328     28.6383
     10.9566     27.1136
     10.9802     31.4814
     11.0067     28.2758
     11.0330     25.8332
     11.0583     29.5028
     11.0872     27.2124
     11.1122     25.1792
     11.1389     25.0610
     11.1649     28.8904
     11.1889     27.3458
     11.2126     25.7594
     11.2390     25.7291
     11.2653     24.3539
     11.2918     29.7759
     11.3166     26.9340
     11.3493     25.8402
     11.3710     28.6590
     11.3972     30.8987
     11.4239     30.6116
     11.4502     30.1356
     11.4765     31.4178
     11.5002     31.2924
     11.5240     31.5553
     11.5503     28.8652
     11.5766     28.8919
     11.6032     29.8349
     11.6295     30.3276
     11.6560     33.6066
     11.6824     31.2311
     11.7074     27.8130
     11.7336     30.8367
     11.7563     29.4629
     11.7820     34.8971
     11.8096     32.3463
     11.8355     28.9487
     11.8618     29.9904
     11.8882     29.5476
     11.9147     30.6740
     11.9409     31.9002
     11.9646     33.1787
     11.9884     33.3389
     12.0148     35.1946
     12.0411     36.3035
     12.0677     37.3308
     12.0940     34.6487
     12.1206     34.9617
     12.1469     36.6917
     12.1732     37.5793
     12.1968     37.3211
     12.2207     38.9262
     12.2471     41.0058
     12.2734     38.0560
     12.3000     40.7154
     12.3262     39.6131
     12.3525     39.5525
     12.3793     40.2244
     12.4054     39.3904
     12.4320     40.3123
     12.4585     41.9317
     12.4846     39.8881
     12.5084     37.7283
     12.5322     40.7463
     12.5584     42.0007
     12.5849     42.7687
     12.6114     43.4613
     12.6376     41.3161
     12.6641     41.9708
     12.6904     41.5969
     12.7169     44.0542
     12.7407     43.8757
     12.7644     43.5255
     12.7908     44.2210
     12.8172     43.3517
     12.8437     44.6302
     12.8700     42.4414
     12.8965     42.4582
     12.9229     44.6257
     12.9491     43.9694
     12.9729     42.0468
     12.9966     42.7836
     13.0230     43.1019
     13.0493     42.5570
     13.0758     44.9202
     13.1022     45.0744
     13.1286     43.1275
     13.1552     44.2068
     13.1819     44.8533
     13.2050     45.2854
     13.2288     44.6922
     13.2552     45.1881
     13.2816     44.3685
     13.3081     43.0683
     13.3344     46.7103
     13.3609     45.7929
     13.3875     44.9993
     13.4138     42.6889
     13.4402     41.4141
     13.4665     44.2194
     13.4929     44.1490
     13.5166     42.4494
     13.5403     43.1206
     13.5667     44.0166
     13.5930     42.7305
     13.6196     41.5729
     13.6459     37.5912
     13.6724     43.1268
     13.6988     41.8545
     13.7251     39.7430
     13.7462     40.4581
     13.7993     45.1720
     13.8252     44.5796
     13.8518     42.5336
     13.8782     43.0133
     13.9046     40.8814
     13.9311     38.9820
     13.9574     42.0403
     13.9811     43.6088
     14.0046     42.8150
     14.0312     41.2940
     14.0575     41.5910
     14.0841     43.5916
     14.1104     45.5805
     14.1368     47.1762
     14.1633     52.3112
     14.1896     50.5352
     14.2132     49.9498
     14.2370     50.5616
     14.2635     48.3767
     14.2897     48.1928
     14.3163     42.8348
     14.3426     42.1213
     14.3689     43.6438
     14.3954     42.8797
     14.4218     44.3866
     14.4483     45.7130
     14.4748     46.1025
     14.5011     46.8970
     14.5248     47.3552
     14.5486     44.4768
     14.5749     45.8163
     14.6013     47.6732
     14.6277     46.7730
     14.6540     48.1614
     14.6803     46.4932
     14.7070     48.5247
     14.7333     49.2421
     14.7569     48.6513
     14.7809     50.7091
     14.8070     50.6492
     14.8335     50.0323
     14.8600     47.5592
     14.8863     48.3010
     14.9126     47.5122
     14.9392     54.0439
     14.9656     56.1092
     14.9892     51.8629
     15.0129     46.2434
     15.0393     51.7664
     15.0658     52.2076
     15.0921     55.2403
     15.1186     55.4676
     15.1450     53.5098
     15.1714     51.7036
     15.1977     52.0055
     15.2215     53.9123
     15.2452     56.6343
     15.2715     53.5780
     15.2979     54.5292
     15.3244     55.4155
     15.3508     53.5459
     15.3772     52.9070
     15.4038     53.9717
     15.4300     56.0883
     15.4565     54.2094
     15.4829     54.3747
     15.5092     57.3309
     15.5330     57.2446
     15.5564     54.9182
     15.5830     57.7983
     15.6094     54.9042
     15.6359     51.9612
     15.6623     57.8238
     15.6887     59.7479
     15.7152     57.1008
     15.7414     59.2587
     15.7652     55.1133
     15.7889     57.6352
     15.8152     59.7483
     15.8417     57.8082
     15.8683     52.7094
     15.8944     59.1052
     15.9208     57.7610
     15.9475     57.0158
     15.9737     55.5748
     15.9974     53.1091
     16.0211     51.6550
     16.0476     59.9265
     16.0739     58.7012
     16.1004     59.9705
     16.1267     60.8373
     16.1531     59.6292
     16.1797     60.7859
     16.2060     60.5693
     16.2297     62.9778
     16.2527     60.2235
     16.2798     58.5864
     16.3061     56.7789
     16.3327     57.3097
     16.3589     57.3825
     16.3853     57.4787
     16.4118     59.8646
     16.4382     60.4896
     16.4647     61.9004
     16.4912     58.0375
     16.5174     59.9506
     16.5409     57.0181
     16.5649     55.5369
     16.5912     56.8620
     16.6176     54.5187
     16.6441     55.9404
     16.6704     59.2861
     16.6969     59.7087
     16.7234     61.0871
     16.7496     54.5881
     16.7734     53.5966
     16.7975     58.0803
     16.8235     59.2716
     16.8499     59.2071
     16.8764     59.5749
     16.9027     60.0284
     16.9291     59.3182
     16.9556     57.9809
     16.9819     59.6347
     17.0055     55.1424
     17.0294     58.6530
     17.0557     57.7638
     17.0821     54.6761
     17.1085     55.9808
     17.1349     57.2896
     17.1613     55.6348
     17.1878     56.9626
     17.2144     59.4308
     17.2377     55.8493
     17.2616     58.0021
     17.2880     60.8081
     17.3144     59.1416
     17.3410     58.7180
     17.3671     58.9311
     17.3936     54.0603
     17.4201     57.9654
     17.4464     59.6904
     17.4728     58.4835
     17.4992     60.5870
     17.5256     61.6548
     17.5493     60.2717
     17.5730     61.0402
     17.5994     61.6109
     17.6258     61.7213
     17.6524     61.4090
     17.6786     61.0456
     17.7051     59.8773
     17.7316     59.9846
     17.7578     58.2362
     17.7815     56.9025
     17.8053     61.7525
     17.8317     60.7188
     17.8578     59.8245
     17.8846     63.6604
     17.9110     63.4638
     17.9372     63.2804
     17.9642     63.0647
     17.9901     62.2889
     18.0138     60.8672
     18.0375     62.8303
     18.0639     63.7829
     18.0899     64.1284
     18.1167     61.9722
     18.1431     58.8263
     18.1695     61.5297
     18.1959     65.3343
     18.2223     60.1993
     18.2460     60.7227
     18.2698     59.7990
     18.2962     61.8416
     18.3225     58.5188
     18.3490     59.8393
     18.3754     59.1923
     18.4018     59.9487
     18.4282     61.0657
     18.4545     59.5863
     18.4814     58.6616
     18.5073     60.2243
     18.5337     60.5428
     18.5575     60.7088
     18.5811     61.6271
     18.6076     60.4433
     18.6340     61.1116
     18.6605     60.9763
     18.6868     63.3041
     18.7132     62.7535
     18.7397     63.7977
     18.7661     67.0003
     18.7897     65.5288
     18.8135     67.5465
     18.8399     67.3894
     18.8662     66.5694
     18.8927     62.8614
     18.9190     65.0054
     18.9455     63.5499
     18.9719     62.9165
     18.9983     64.7347
     19.0219     63.7740
     19.0457     65.1919
     19.0721     62.8817
     19.0984     67.0650
     19.1249     63.1454
     19.1512     59.8491
     19.1778     63.1141
     19.2042     66.7986
     19.2305     67.5642
     19.2543     68.1021
     19.2779     66.0063
     19.3041     66.5900
     19.3306     66.0099
     19.3572     66.8735
     19.3835     66.9620
     19.4099     64.7428
     19.4365     66.1694
     19.4627     66.0792
     19.4893     67.3239
     19.5156     68.2477
     19.5419     69.3133
     19.5657     69.2281
     19.5895     70.5931
     19.6157     68.9637
     19.6422     70.9932
     19.6687     68.2374
     19.6950     70.8649
     19.7215     72.0342
     19.7479     70.3223
     19.7742     68.8871
     19.7979     69.2781
     19.8217     69.2645
     19.8481     70.0834
     19.8745     71.2331
     19.9010     72.5809
     19.9272     71.8603
     19.9537     70.2200
     19.9802     69.3807
     20.0064     74.4670
     20.0298     70.0613
     20.0539     67.2338
     20.0803     73.4618
     20.1066     70.8800
     20.1332     72.5010
     20.1595     69.7566
     20.1859     71.5926
     20.2124     72.5631
     20.2387     72.8344
     20.2625     73.8903
     20.2860     70.4257
     20.3125     67.9486
     20.3389     71.1147
     20.3655     72.0210
     20.3917     71.9409
     20.4181     72.1402
     20.4447     73.3694
     20.4710     74.6649
     20.4974     71.0768
     20.5238     68.7553
     20.5499     72.3679
     20.5739     72.1294
     20.5976     69.2447
     20.6245     66.9547
     20.6505     69.3624
     20.6768     70.3979
     20.7033     70.0264
     20.7297     71.2293
     20.7560     71.9685
     20.7826     72.3915
     20.8061     76.0508
     20.8299     74.7064
     20.8563     75.9004
     20.8827     74.6156
     20.9092     74.0125
     20.9357     74.8305
     20.9620     72.7928
     20.9884     74.9363
     21.0148     78.0945
     21.0384     75.3488
     21.0620     77.3574
     21.0885     73.4205
     21.1151     73.0754
     21.1415     71.9402
     21.1678     73.0522
     21.1943     75.7611
     21.2207     73.7262
     21.2471     75.4057
     21.2708     78.8870
     21.2944     78.9550
     21.3209     77.2223
     21.3473     76.0336
     21.3736     77.2782
     21.4001     74.7308
     21.4264     76.7434
     21.4530     77.0690
     21.4793     81.2439
     21.5058     80.3182
     21.5322     77.6461
     21.5586     78.0993
     21.5823     80.2091
     21.6059     81.6791
     21.6324     78.9544
     21.6588     77.3245
     21.6852     81.0487
     21.7116     77.8978
     21.7380     78.2342
     21.7644     76.3259
     21.7910     80.2197
     21.8146     84.8475
     21.8383     82.1738
     21.8647     79.7410
     21.8910     81.3163
     21.9176     83.9607
     21.9435     84.5834
     21.9744     75.8973
     21.9967     79.4877
     22.0232     79.8055
     22.0467     78.5102
     22.0706     79.6651
     22.0968     80.4598
     22.1235     71.7512
     22.1498     81.3638
     22.1762     78.0372
     22.2026     83.2250
     22.2291     83.2883
     22.2555     82.9847
     22.2791     81.3942
     22.3027     81.9979
     22.3293     80.6104
     22.3557     81.3665
     22.3819     82.2476
     22.4084     80.9252
     22.4348     83.3477
     22.4613     81.9631
     22.4877     84.0122
     22.5141     81.8446
     22.5406     82.6194
     22.5669     80.9144
     22.5906     77.3728
# bias[c2]=-7.0300
# rms_fit[c2]=1.2422
