# column 1: time (years from 2000)
# column 2: mean sea level corrected for GIA, seasonal signal removed (mm)
     16.1225     58.5746
     16.1435     58.7425
     16.1707     59.1338
     16.1955     56.7607
     16.2249     61.3751
     16.2521     58.2521
     16.2792     58.0119
     16.3063     56.4968
     16.3336     55.9293
     16.3607     56.3113
     16.3878     56.0219
     16.4149     58.2217
     16.4421     57.7575
     16.4693     59.7677
     16.4964     58.1905
     16.5235     57.3746
     16.5507     56.8815
     16.5779     54.1942
     16.6050     53.9171
     16.6321     52.6799
     16.6593     56.3292
     16.6864     57.6328
     16.7136     57.4622
     16.7408     55.8929
     16.7679     53.7920
     16.7950     56.8125
     16.8222     56.9858
     16.8494     58.8199
     16.8765     59.8964
     16.9036     63.0731
     16.9295     60.1511
     16.9579     58.2785
     16.9851     57.5543
     17.0122     57.0458
     17.0394     58.9872
     17.0665     57.9360
     17.0937     55.9667
     17.1208     55.9804
     17.1479     56.4011
     17.1751     57.7718
     17.2023     57.9506
     17.2294     58.5023
     17.2566     60.0890
     17.2837     58.0673
     17.3108     57.8753
     17.3380     57.7328
     17.3651     57.2377
     17.3922     54.0662
     17.4194     56.7763
     17.4466     56.8123
     17.4737     57.0114
     17.5009     58.2152
     17.5280     58.3723
     17.5552     58.0480
     17.5823     61.3285
     17.6095     59.1223
     17.6366     58.7622
     17.6637     59.4003
     17.6909     61.5018
     17.7181     61.5423
     17.7452     58.7975
     17.7724     58.8299
     17.7995     60.4903
     17.8267     61.9066
     17.8538     63.6820
     17.8810     63.2952
     17.9081     64.1005
     17.9352     63.7350
     17.9624     64.2264
     17.9896     61.0928
     18.0167     61.5623
     18.0438     62.5755
     18.0710     63.5891
     18.0981     63.6835
     18.1252     59.8634
     18.1524     58.4560
     18.1796     62.5071
     18.2067     62.4775
     18.2339     61.2303
     18.2610     59.1292
     18.2882     60.4255
     18.3153     60.6577
     18.3424     61.4403
     18.3696     61.3678
     18.3968     59.9133
     18.4239     61.0313
     18.4510     61.0648
     18.4782     60.6530
     18.5053     61.0357
     18.5324     63.0651
     18.5596     63.1090
     18.5868     61.7578
     18.6140     62.2227
     18.6411     61.9423
     18.6682     62.5700
     18.6954     65.1724
     18.7225     64.2276
     18.7497     66.6071
     18.7768     64.2738
     18.8040     65.4749
     18.8311     67.4341
     18.8583     65.3511
     18.8854     64.4988
     18.9125     63.4296
     18.9397     64.1797
     18.9669     64.5737
     18.9940     65.5278
     19.0212     63.9755
     19.0483     68.8578
     19.0754     66.1363
     19.1026     68.2945
     19.1297     67.2412
     19.1873     67.1906
     19.2112     69.8035
     19.2383     68.4592
     19.2592     66.9532
     19.2926     66.7882
     19.3198     68.6443
     19.3469     70.9519
     19.3741     67.7014
     19.4012     66.3622
     19.4283     65.5864
     19.4555     69.9171
     19.4826     69.5914
     19.5098     70.9522
     19.5370     68.9525
     19.5641     68.6646
     19.5913     68.5810
     19.6183     71.8213
     19.6455     72.6205
     19.6727     70.9377
     19.6998     71.0457
     19.7270     70.9155
     19.7541     68.6218
     19.7813     70.1241
     19.8084     69.9667
     19.8356     68.2689
     19.8627     71.8261
     19.8899     70.5090
     19.9170     70.2634
     19.9442     71.1253
     19.9713     70.5173
     19.9985     70.6593
     20.0256     67.8838
     20.0527     67.0346
     20.0745     69.1266
     20.1342     72.5137
     20.1613     69.4543
     20.1885     71.4715
     20.2156     68.2289
     20.2428     70.0906
     20.2699     72.5166
     20.2971     69.9545
     20.3242     69.7351
     20.3514     71.4673
     20.3785     72.2369
     20.4056     72.8120
     20.4328     73.1423
     20.4591     70.1584
     20.4871     72.6272
     20.5143     71.7643
     20.5414     72.6351
     20.5685     73.3150
     20.5957     73.1014
     20.6228     70.3137
     20.6500     71.7948
     20.6771     73.1068
     20.7044     72.6167
     20.7315     72.5064
     20.7586     73.9413
     20.7857     74.9810
     20.8111     75.2651
     20.8409     76.6194
     20.8672     75.2068
     20.8944     71.8224
     20.9214     75.2990
     20.9486     73.8719
     20.9758     74.3606
     21.0029     75.0886
     21.0301     77.2871
     21.0572     77.3063
     21.0844     79.0126
     21.1115     75.5992
     21.1386     73.9821
     21.1658     72.3982
     21.1929     74.0018
     21.2201     75.3551
     21.2472     77.9230
     21.2744     78.7646
     21.3011     78.6273
     21.3287     74.8301
     21.3558     76.2862
     21.3830     77.3766
     21.4101     76.3641
     21.4372     73.5973
     21.4644     77.3169
     21.4916     77.4595
     21.5187     77.9718
     21.5458     77.2126
     21.5730     79.5596
     21.6001     80.1165
     21.6273     80.0027
     21.6545     75.5684
     21.6816     76.9742
     21.7088     79.1939
     21.7359     78.7016
     21.7631     79.3666
     21.7902     79.5446
     21.8173     81.6713
     21.8445     79.3592
     21.8717     77.7951
     21.8988     80.2403
     21.9260     82.3396
     21.9531     78.3193
     21.9803     76.8034
     22.0074     79.1128
     22.0345     81.6864
     22.0618     82.2728
     22.0888     79.8417
     22.1160     81.4931
     22.1431     78.0456
     22.1703     76.5391
     22.1974     79.5297
     22.2246     78.5811
     22.2517     79.5579
     22.3196     75.4448
     22.3385     79.1335
     22.3657     77.2413
     22.3928     78.8720
     22.4200     77.4828
     22.4471     78.8181
     22.4743     78.5166
     22.5014     81.3178
     22.5286     81.8716
     22.5557     82.7438
     22.5828     79.3202
     22.6100     76.8113
     22.6372     78.3479
     22.6643     80.0841
     22.6914     81.6870
     22.7186     80.8281
     22.7458     82.8855
     22.7729     81.4231
     22.8001     80.6879
     22.8272     80.7094
     22.8544     81.9901
     22.8815     77.8072
     22.9087     79.6166
     22.9353     77.5366
     22.9630     85.0434
     22.9901     87.7105
     23.0172     85.3756
     23.0444     86.7866
     23.0716     85.7960
     23.0987     83.4851
     23.1258     83.6610
     23.1529     83.1501
     23.1801     85.5997
     23.2073     84.5681
     23.2344     81.9218
     23.2616     78.8208
     23.2884     79.3238
     23.3159     83.5558
     23.3430     84.9414
     23.3702     87.1721
     23.3973     84.3194
     23.4244     83.8380
     23.4516     83.8713
     23.4788     84.5581
     23.5059     86.2379
     23.5330     87.7637
     23.5602     87.6037
     23.5873     87.9483
     23.6145     87.0111
     23.6416     84.6279
     23.6647     88.6725
# bias[j3]=-7.7494
# rms_fit[j3]=1.0142
